0.0
0.0
0.0
0.0
0.0
1.0
0.0
0.0
0.0
0.0
2.0
2.0
0.0
0.0
0.0
3.0
3.0
3.0
0.0
0.0
4.0
4.0
4.0
4.0
0.0
5.0
5.0
5.0
5.0
5.0
1.0
6.0
6.0
6.0
6.0
6.0
0.0
0.0
0.0
0.0
0.0
1.0
1.0
0.0
0.0
0.0
0.0
0.0
0.0
1.0
0.0
0.0
1.0
0.0
0.0
-5.0
1.0
0.0
-4.0
0.0
0.0
45.0
-10.0
1.0
36.0
0.0
0.0
-630.0
140.0
-15.0
-504.0
0.0
1.0
0.0
-6.0
-12.0
-36.0
-72.0
0.0
0.0
1.0
2.0
13.0
27.0
0.0
0.0
0.0
3.0
3.0
5.0
0.0
0.0
2.0
2.0
5.0
10.0
0.0
-1.0
-2.0
-5.0
-15.0
-30.0
0.0
1.0
0.0
0.0
0.0
0.0
1.0
2.0
3.0
4.0
5.0
6.0
1.0
1.0
1.0
1.0
2.0
60.0
0.0
0.0
0.0
0.0
0.0
0.0
