0.0
0.0
0.0
0.0
0.0
0.0
0.0
0.0
0.0
1.0
0.0
0.0
0.0
0.0
0.0
0.0
0.0
0.0
2.0
2.0
0.0
0.0
0.0
0.0
0.0
0.0
0.0
3.0
3.0
3.0
0.0
0.0
0.0
0.0
0.0
0.0
4.0
4.0
4.0
4.0
0.0
0.0
0.0
0.0
0.0
5.0
5.0
5.0
5.0
5.0
0.0
0.0
0.0
0.0
6.0
6.0
6.0
6.0
6.0
6.0
0.0
0.0
0.0
7.0
7.0
7.0
7.0
7.0
7.0
7.0
0.0
0.0
8.0
8.0
8.0
8.0
8.0
8.0
8.0
8.0
0.0
9.0
9.0
9.0
9.0
9.0
9.0
9.0
9.0
9.0
1.0
10.0
10.0
10.0
10.0
10.0
10.0
10.0
10.0
10.0
0.0
0.0
0.0
0.0
0.0
0.0
0.0
0.0
0.0
1.0
1.0
0.0
0.0
0.0
0.0
0.0
0.0
0.0
0.0
0.0
0.0
1.0
0.0
0.0
0.0
0.0
0.0
0.0
1.0
0.0
0.0
0.0
1.0
0.0
0.0
0.0
0.0
1.0
0.0
0.0
0.0
-9.0
0.0
1.0
0.0
0.0
1.0
0.0
-8.0
0.0
0.0
72.0
0.0
-9.0
1.0
0.0
0.0
0.0
64.0
0.0
0.0
63.0
0.0
-7.0
0.0
1.0
-6.0
0.0
56.0
0.0
0.0
-2898.0
0.0
357.0
-36.0
-7.0
36.0
0.0
-2576.0
0.0
0.0
-263340.0
8.0
32445.0
-3276.0
-630.0
3240.0
9.0
-234080.0
0.0
0.0
27387360.0
-840.0
-3374280.0
340704.0
65520.0
-336960.0
-945.0
24344320.0
0.0
1.0
0.0
-10.0
0.0
60.0
-40.0
140.0
6060.0
-14000.0
-28000.0
0.0
0.0
1.0
1.0
-6.0
4.0
-14.0
-606.0
1556.0
3115.0
0.0
0.0
0.0
-1.0
-1.0
0.0
-2.0
-78.0
24.0
45.0
0.0
0.0
0.0
0.0
1.0
0.0
4.0
169.0
-390.0
-780.0
0.0
0.0
0.0
0.0
0.0
7.0
-2.0
-199.0
462.0
924.0
0.0
0.0
0.0
0.0
-12.0
2.0
-28.0
-1119.0
2583.0
5166.0
0.0
0.0
0.0
-3.0
12.0
-9.0
28.0
1227.0
-3251.0
-6510.0
0.0
0.0
4.0
3.0
-27.0
18.0
-63.0
-2727.0
6716.0
13440.0
0.0
-1.0
-4.0
0.0
27.0
-18.0
63.0
2727.0
-6300.0
-12600.0
0.0
1.0
0.0
0.0
0.0
0.0
0.0
0.0
0.0
0.0
1.0
2.0
3.0
4.0
5.0
6.0
7.0
8.0
9.0
10.0
1.0
1.0
1.0
1.0
1.0
1.0
2.0
6.0
12.0
2520.0
0.0
0.0
0.0
0.0
0.0
0.0
0.0
0.0
0.0
0.0
