0.0
0.0
0.0
0.0
0.0
0.0
0.0
0.0
0.0
0.0
1.0
0.0
0.0
0.0
0.0
0.0
0.0
0.0
0.0
0.0
2.0
2.0
0.0
0.0
0.0
0.0
0.0
0.0
0.0
0.0
3.0
3.0
3.0
0.0
0.0
0.0
0.0
0.0
0.0
0.0
4.0
4.0
4.0
4.0
0.0
0.0
0.0
0.0
0.0
0.0
5.0
5.0
5.0
5.0
5.0
0.0
0.0
0.0
0.0
0.0
6.0
6.0
6.0
6.0
6.0
6.0
0.0
0.0
0.0
0.0
7.0
7.0
7.0
7.0
7.0
7.0
7.0
0.0
0.0
0.0
8.0
8.0
8.0
8.0
8.0
8.0
8.0
8.0
0.0
0.0
9.0
9.0
9.0
9.0
9.0
9.0
9.0
9.0
9.0
0.0
10.0
10.0
10.0
10.0
10.0
10.0
10.0
10.0
10.0
10.0
1.0
11.0
11.0
11.0
11.0
11.0
11.0
11.0
11.0
11.0
11.0
0.0
0.0
0.0
0.0
0.0
0.0
0.0
0.0
0.0
0.0
1.0
1.0
0.0
0.0
0.0
0.0
0.0
0.0
0.0
0.0
0.0
0.0
0.0
1.0
0.0
0.0
0.0
0.0
0.0
0.0
1.0
0.0
0.0
0.0
0.0
1.0
0.0
0.0
0.0
0.0
0.0
0.0
1.0
0.0
0.0
0.0
-10.0
1.0
0.0
0.0
1.0
0.0
0.0
-9.0
0.0
0.0
-9.0
0.0
0.0
1.0
0.0
0.0
0.0
-8.0
0.0
0.0
0.0
0.0
0.0
0.0
0.0
1.0
0.0
1.0
0.0
0.0
0.0
0.0
0.0
210.0
-22.0
0.0
0.0
-6.0
0.0
0.0
189.0
0.0
0.0
315.0
19040.0
-1995.0
-36.0
-4.0
-540.0
-3.0
280.0
17136.0
0.0
0.0
-4410.0
-932960.0
97755.0
504.0
200.0
26460.0
150.0
-3920.0
-839664.0
0.0
0.0
-61740.0
-13708800.0
1436400.0
7056.0
2940.0
388800.0
2205.0
-54880.0
-12337920.0
0.0
1.0
0.0
0.0
-11.0
99.0
0.0
0.0
3201.0
51744.0
569184.0
-1596672.0
0.0
0.0
-1.0
1.0
-9.0
-4.0
0.0
-291.0
-4714.0
-51844.0
145432.0
0.0
0.0
1.0
0.0
0.0
4.0
-1.0
0.0
-347.0
-3830.0
10745.0
0.0
0.0
0.0
0.0
-1.0
0.0
1.0
-26.0
-63.0
-690.0
1935.0
0.0
0.0
0.0
0.0
1.0
0.0
1.0
26.0
896.0
9860.0
-27660.0
0.0
0.0
0.0
0.0
0.0
7.0
-1.0
0.0
-458.0
-5060.0
14196.0
0.0
0.0
0.0
0.0
-21.0
-7.0
0.0
-682.0
-11043.0
-121455.0
340704.0
0.0
0.0
0.0
3.0
-9.0
0.0
0.0
-288.0
-4655.0
-51205.0
143640.0
0.0
0.0
4.0
-3.0
30.0
18.0
0.0
970.0
15725.0
172930.0
-485100.0
0.0
-1.0
-4.0
0.0
0.0
-18.0
0.0
0.0
-45.0
-450.0
1260.0
0.0
1.0
0.0
0.0
0.0
0.0
0.0
0.0
0.0
0.0
0.0
1.0
2.0
3.0
4.0
5.0
6.0
7.0
8.0
9.0
10.0
11.0
1.0
1.0
1.0
1.0
1.0
1.0
2.0
2.0
6.0
60.0
2520.0
0.0
0.0
0.0
0.0
0.0
0.0
0.0
0.0
0.0
0.0
0.0
