0.0
0.0
0.0
0.0
0.0
0.0
0.0
0.0
0.0
1.0
0.0
0.0
0.0
0.0
0.0
0.0
0.0
0.0
2.0
2.0
0.0
0.0
0.0
0.0
0.0
0.0
0.0
3.0
3.0
3.0
0.0
0.0
0.0
0.0
0.0
0.0
4.0
4.0
4.0
4.0
0.0
0.0
0.0
0.0
0.0
5.0
5.0
5.0
5.0
5.0
0.0
0.0
0.0
0.0
6.0
6.0
6.0
6.0
6.0
6.0
0.0
0.0
0.0
7.0
7.0
7.0
7.0
7.0
7.0
7.0
0.0
0.0
8.0
8.0
8.0
8.0
8.0
8.0
8.0
8.0
0.0
9.0
9.0
9.0
9.0
9.0
9.0
9.0
9.0
9.0
1.0
10.0
10.0
10.0
10.0
10.0
10.0
10.0
10.0
10.0
1.0
0.0
0.0
0.0
0.0
0.0
0.0
0.0
0.0
0.0
0.0
1.0
0.0
0.0
0.0
0.0
0.0
0.0
0.0
1.0
0.0
-1.0
1.0
0.0
0.0
0.0
0.0
0.0
0.0
0.0
0.0
-3.0
2.0
1.0
0.0
0.0
0.0
0.0
1.0
0.0
0.0
6.0
-4.0
-3.0
1.0
0.0
0.0
0.0
0.0
0.0
0.0
0.0
0.0
0.0
0.0
1.0
1.0
1.0
0.0
0.0
0.0
150.0
-100.0
-75.0
24.0
-7.0
-6.0
-7.0
0.0
0.0
0.0
13677.0
-9118.0
-6834.0
2184.0
-634.0
-540.0
-633.0
-8.0
0.0
0.0
-505104.0
336736.0
252543.0
-80808.0
23462.0
19980.0
23424.0
16.0
0.0
0.0
34893180.0
-23262120.0
-17445960.0
5582304.0
-1620780.0
-1380240.0
-1618155.0
-1120.0
0.0
0.0
1.0
-2.0
-34.0
-24.0
0.0
-180.0
-494.0
33224.0
101080.0
0.0
0.0
0.0
1.0
0.0
3.0
91.0
161.0
-11378.0
-34615.0
0.0
0.0
0.0
0.0
0.0
-4.0
-117.0
-219.0
15546.0
47295.0
0.0
0.0
0.0
0.0
0.0
-2.0
-65.0
-82.0
5818.0
17700.0
0.0
0.0
0.0
0.0
-5.0
3.0
55.0
58.0
-4114.0
-12516.0
0.0
0.0
0.0
-4.0
-1.0
0.0
-9.0
-30.0
1905.0
5796.0
0.0
0.0
-1.0
-4.0
-2.0
0.0
-15.0
-44.0
2899.0
8820.0
0.0
0.0
0.0
-4.0
-4.0
0.0
-30.0
-79.0
5384.0
16380.0
-1.0
0.0
1.0
12.0
12.0
0.0
90.0
237.0
-16152.0
-49140.0
1.0
0.0
0.0
0.0
0.0
0.0
0.0
0.0
0.0
0.0
1.0
2.0
3.0
4.0
5.0
6.0
7.0
8.0
9.0
10.0
1.0
1.0
1.0
1.0
1.0
1.0
2.0
6.0
12.0
2520.0
0.0
0.0
0.0
0.0
0.0
0.0
0.0
0.0
0.0
0.0
