0.0
0.0
0.0
0.0
0.0
0.0
0.0
0.0
1.0
0.0
0.0
0.0
0.0
0.0
0.0
0.0
2.0
2.0
0.0
0.0
0.0
0.0
0.0
0.0
3.0
3.0
3.0
0.0
0.0
0.0
0.0
0.0
4.0
4.0
4.0
4.0
0.0
0.0
0.0
0.0
5.0
5.0
5.0
5.0
5.0
0.0
0.0
0.0
6.0
6.0
6.0
6.0
6.0
6.0
0.0
0.0
7.0
7.0
7.0
7.0
7.0
7.0
7.0
0.0
8.0
8.0
8.0
8.0
8.0
8.0
8.0
8.0
1.0
9.0
9.0
9.0
9.0
9.0
9.0
9.0
9.0
0.0
0.0
0.0
0.0
0.0
0.0
0.0
0.0
1.0
1.0
0.0
0.0
0.0
0.0
0.0
0.0
0.0
0.0
0.0
1.0
0.0
0.0
0.0
0.0
1.0
0.0
0.0
0.0
0.0
1.0
0.0
0.0
0.0
0.0
1.0
0.0
0.0
-7.0
0.0
1.0
1.0
0.0
-6.0
0.0
0.0
0.0
35.0
8.0
-5.0
-4.0
0.0
30.0
9.0
0.0
0.0
42.0
0.0
-7.0
0.0
1.0
36.0
0.0
0.0
0.0
1470.0
200.0
-225.0
-96.0
14.0
1260.0
225.0
0.0
0.0
30240.0
4200.0
-4620.0
-2016.0
280.0
25920.0
4725.0
0.0
1.0
0.0
0.0
9.0
0.0
54.0
0.0
270.0
-945.0
0.0
0.0
-1.0
-1.0
4.0
44.0
4.0
174.0
-615.0
0.0
0.0
1.0
0.0
-4.0
-50.0
-9.0
-162.0
580.0
0.0
0.0
0.0
0.0
-1.0
-10.0
5.0
-90.0
308.0
0.0
0.0
0.0
0.0
-5.0
-65.0
-7.0
-249.0
882.0
0.0
0.0
0.0
-3.0
6.0
59.0
7.0
217.0
-770.0
0.0
0.0
3.0
3.0
-14.0
-159.0
-14.0
-634.0
2240.0
0.0
-1.0
-3.0
0.0
14.0
175.0
14.0
714.0
-2520.0
0.0
1.0
0.0
0.0
0.0
0.0
0.0
0.0
0.0
1.0
2.0
3.0
4.0
5.0
6.0
7.0
8.0
9.0
1.0
1.0
1.0
1.0
1.0
2.0
2.0
12.0
840.0
0.0
0.0
0.0
0.0
0.0
0.0
0.0
0.0
0.0
