0.0
0.0
0.0
0.0
0.0
0.0
1.0
0.0
0.0
0.0
0.0
0.0
2.0
2.0
0.0
0.0
0.0
0.0
3.0
3.0
3.0
0.0
0.0
0.0
4.0
4.0
4.0
4.0
0.0
0.0
5.0
5.0
5.0
5.0
5.0
0.0
6.0
6.0
6.0
6.0
6.0
6.0
1.0
7.0
7.0
7.0
7.0
7.0
7.0
0.0
0.0
0.0
0.0
0.0
0.0
1.0
1.0
0.0
0.0
0.0
0.0
0.0
0.0
0.0
1.0
0.0
0.0
1.0
0.0
0.0
0.0
-5.0
1.0
0.0
-4.0
0.0
0.0
0.0
0.0
0.0
1.0
0.0
1.0
0.0
0.0
45.0
-10.0
-3.0
36.0
-2.0
0.0
0.0
180.0
-40.0
-15.0
144.0
-10.0
0.0
1.0
0.0
0.0
0.0
-7.0
28.0
-70.0
0.0
0.0
-1.0
-2.0
1.0
-10.0
22.0
0.0
0.0
1.0
2.0
1.0
0.0
3.0
0.0
0.0
0.0
3.0
-1.0
16.0
-35.0
0.0
0.0
2.0
2.0
0.0
5.0
-10.0
0.0
-1.0
-2.0
-5.0
0.0
-15.0
30.0
0.0
1.0
0.0
0.0
0.0
0.0
0.0
1.0
2.0
3.0
4.0
5.0
6.0
7.0
1.0
1.0
1.0
1.0
2.0
6.0
60.0
0.0
0.0
0.0
0.0
0.0
0.0
0.0
