0.0
0.0
0.0
0.0
0.0
0.0
0.0
0.0
1.0
0.0
0.0
0.0
0.0
0.0
0.0
0.0
2.0
2.0
0.0
0.0
0.0
0.0
0.0
0.0
3.0
3.0
3.0
0.0
0.0
0.0
0.0
0.0
4.0
4.0
4.0
4.0
0.0
0.0
0.0
0.0
5.0
5.0
5.0
5.0
5.0
0.0
0.0
0.0
6.0
6.0
6.0
6.0
6.0
6.0
0.0
0.0
7.0
7.0
7.0
7.0
7.0
7.0
7.0
0.0
8.0
8.0
8.0
8.0
8.0
8.0
8.0
8.0
1.0
9.0
9.0
9.0
9.0
9.0
9.0
9.0
9.0
1.0
0.0
0.0
0.0
0.0
0.0
0.0
0.0
0.0
0.0
1.0
0.0
0.0
0.0
0.0
0.0
0.0
1.0
0.0
-1.0
1.0
0.0
0.0
0.0
0.0
0.0
0.0
0.0
-3.0
2.0
1.0
0.0
0.0
1.0
0.0
0.0
0.0
6.0
-4.0
-3.0
1.0
0.0
0.0
0.0
0.0
0.0
0.0
0.0
0.0
0.0
1.0
0.0
1.0
0.0
0.0
171.0
-114.0
-82.0
24.0
0.0
-6.0
0.0
0.0
0.0
15540.0
-10360.0
-7455.0
2184.0
-4.0
-540.0
-3.0
0.0
0.0
-528360.0
352240.0
253470.0
-74256.0
140.0
18360.0
105.0
0.0
0.0
1.0
-2.0
-18.0
-24.0
-9.0
-726.0
2139.0
4305.0
0.0
0.0
0.0
-1.0
0.0
1.0
-26.0
9.0
15.0
0.0
0.0
0.0
1.0
0.0
1.0
26.0
-128.0
-260.0
0.0
0.0
0.0
0.0
-5.0
-1.0
-36.0
152.0
308.0
0.0
0.0
0.0
-3.0
-1.0
0.0
-100.0
231.0
462.0
0.0
0.0
-1.0
-3.0
-2.0
0.0
-106.0
245.0
490.0
0.0
0.0
0.0
-3.0
-4.0
0.0
-121.0
280.0
560.0
-1.0
0.0
1.0
9.0
12.0
0.0
363.0
-840.0
-1680.0
1.0
0.0
0.0
0.0
0.0
0.0
0.0
0.0
0.0
1.0
2.0
3.0
4.0
5.0
6.0
7.0
8.0
9.0
1.0
1.0
1.0
1.0
1.0
2.0
2.0
12.0
840.0
0.0
0.0
0.0
0.0
0.0
0.0
0.0
0.0
0.0
