0.0
0.0
0.0
0.0
0.0
0.0
0.0
1.0
0.0
0.0
0.0
0.0
0.0
0.0
2.0
2.0
0.0
0.0
0.0
0.0
0.0
3.0
3.0
3.0
0.0
0.0
0.0
0.0
4.0
4.0
4.0
4.0
0.0
0.0
0.0
5.0
5.0
5.0
5.0
5.0
0.0
0.0
6.0
6.0
6.0
6.0
6.0
6.0
0.0
7.0
7.0
7.0
7.0
7.0
7.0
7.0
1.0
8.0
8.0
8.0
8.0
8.0
8.0
8.0
1.0
0.0
0.0
0.0
0.0
0.0
0.0
0.0
0.0
1.0
0.0
0.0
0.0
0.0
0.0
1.0
0.0
-1.0
1.0
0.0
0.0
0.0
0.0
0.0
0.0
-3.0
2.0
1.0
0.0
0.0
1.0
0.0
0.0
6.0
-4.0
-3.0
1.0
0.0
0.0
0.0
0.0
21.0
-14.0
-7.0
0.0
1.0
-6.0
0.0
0.0
24.0
-16.0
-33.0
24.0
-7.0
36.0
0.0
0.0
630.0
-420.0
-735.0
504.0
-140.0
720.0
0.0
0.0
1.0
-2.0
-26.0
-24.0
-58.0
-642.0
2160.0
0.0
0.0
0.0
1.0
0.0
4.0
39.0
-130.0
0.0
0.0
0.0
0.0
-5.0
-2.0
-45.0
154.0
0.0
0.0
0.0
-3.0
-1.0
-7.0
-69.0
231.0
0.0
0.0
-1.0
-3.0
-2.0
-7.0
-73.0
245.0
0.0
0.0
0.0
-3.0
-4.0
-7.0
-83.0
280.0
-1.0
0.0
1.0
9.0
12.0
21.0
249.0
-840.0
1.0
0.0
0.0
0.0
0.0
0.0
0.0
0.0
1.0
2.0
3.0
4.0
5.0
6.0
7.0
8.0
1.0
1.0
1.0
1.0
1.0
2.0
6.0
420.0
0.0
0.0
0.0
0.0
0.0
0.0
0.0
0.0
