0.0
0.0
0.0
0.0
0.0
0.0
0.0
0.0
0.0
0.0
0.0
1.0
0.0
0.0
0.0
0.0
0.0
0.0
0.0
0.0
0.0
0.0
2.0
2.0
0.0
0.0
0.0
0.0
0.0
0.0
0.0
0.0
0.0
3.0
3.0
3.0
0.0
0.0
0.0
0.0
0.0
0.0
0.0
0.0
4.0
4.0
4.0
4.0
0.0
0.0
0.0
0.0
0.0
0.0
0.0
5.0
5.0
5.0
5.0
5.0
0.0
0.0
0.0
0.0
0.0
0.0
6.0
6.0
6.0
6.0
6.0
6.0
0.0
0.0
0.0
0.0
0.0
7.0
7.0
7.0
7.0
7.0
7.0
7.0
0.0
0.0
0.0
0.0
8.0
8.0
8.0
8.0
8.0
8.0
8.0
8.0
0.0
0.0
0.0
9.0
9.0
9.0
9.0
9.0
9.0
9.0
9.0
9.0
0.0
0.0
10.0
10.0
10.0
10.0
10.0
10.0
10.0
10.0
10.0
10.0
0.0
11.0
11.0
11.0
11.0
11.0
11.0
11.0
11.0
11.0
11.0
11.0
1.0
12.0
12.0
12.0
12.0
12.0
12.0
12.0
12.0
12.0
12.0
12.0
0.0
0.0
0.0
0.0
0.0
0.0
0.0
0.0
0.0
0.0
0.0
1.0
1.0
0.0
0.0
0.0
0.0
0.0
0.0
0.0
0.0
0.0
0.0
0.0
0.0
1.0
0.0
0.0
0.0
0.0
0.0
0.0
0.0
0.0
1.0
0.0
0.0
-11.0
1.0
0.0
0.0
0.0
0.0
0.0
0.0
0.0
-10.0
0.0
0.0
231.0
-22.0
1.0
0.0
0.0
0.0
0.0
1.0
0.0
210.0
0.0
0.0
-7392.0
704.0
-33.0
1.0
0.0
0.0
0.0
0.0
0.0
-6720.0
0.0
0.0
0.0
0.0
0.0
0.0
1.0
1.0
0.0
0.0
1.0
0.0
0.0
0.0
-1958880.0
186560.0
-8745.0
264.0
-7.0
-6.0
0.0
0.0
-7.0
-1780800.0
0.0
0.0
644471520.0
-61378240.0
2877105.0
-86856.0
2315.0
1980.0
1.0
0.0
2316.0
585883200.0
0.0
0.0
-7.43720136159e+11
70830489158.0
-3320179179.0
100231824.0
-2665740.0
-2284920.0
-1155.0
-8.0
-2665740.0
-6.7610921469e+11
0.0
0.0
-9667072800.0
920673600.0
-43156575.0
1302840.0
-34720.0
-29700.0
-15.0
0.0
-34734.0
-8788248000.0
0.0
0.0
1.14458528955e+15
-1.09008122814e+14
5.10975575649e+12
-1.54256777136e+11
4102573860.0
3516491880.0
1777545.0
12320.0
4102573860.0
1.04053208141e+15
0.0
1.0
0.0
-12.0
-24.0
288.0
288.0
0.0
-720.0
35280.0
-342504.0
75600.0
-1028160.0
0.0
0.0
1.0
2.0
-24.0
-24.0
-3.0
389.0
-19113.0
33162.0
-40956.0
99540.0
0.0
0.0
0.0
0.0
-1.0
0.0
3.0
-329.0
16173.0
-3594.0
34656.0
-10780.0
0.0
0.0
0.0
0.0
1.0
0.0
0.0
0.0
-4039.0
129.0
-8655.0
385.0
0.0
0.0
0.0
0.0
0.0
0.0
-1.0
94.0
-581.0
165.0
-1245.0
495.0
0.0
0.0
0.0
0.0
0.0
0.0
7.0
-752.0
36965.0
-10560.0
79210.0
-31680.0
0.0
0.0
0.0
0.0
0.0
-53.0
-6.0
790.0
-38813.0
11088.0
-83170.0
33264.0
0.0
0.0
0.0
0.0
-64.0
-13.0
0.0
33.0
-1617.0
74334.0
-3465.0
223146.0
0.0
0.0
0.0
7.0
-24.0
-22.0
0.0
55.0
-2695.0
28472.0
-5775.0
85470.0
0.0
0.0
5.0
4.0
-44.0
-44.0
0.0
110.0
-5390.0
52327.0
-11550.0
157080.0
0.0
-1.0
-5.0
-11.0
132.0
132.0
0.0
-330.0
16170.0
-156981.0
34650.0
-471240.0
0.0
1.0
0.0
0.0
0.0
0.0
0.0
0.0
0.0
0.0
0.0
0.0
1.0
2.0
3.0
4.0
5.0
6.0
7.0
8.0
9.0
10.0
11.0
12.0
1.0
1.0
1.0
1.0
1.0
1.0
1.0
2.0
2.0
6.0
60.0
27720.0
0.0
0.0
0.0
0.0
0.0
0.0
0.0
0.0
0.0
0.0
0.0
0.0
