0.0
0.0
0.0
0.0
0.0
0.0
0.0
1.0
0.0
0.0
0.0
0.0
0.0
0.0
2.0
2.0
0.0
0.0
0.0
0.0
0.0
3.0
3.0
3.0
0.0
0.0
0.0
0.0
4.0
4.0
4.0
4.0
0.0
0.0
0.0
5.0
5.0
5.0
5.0
5.0
0.0
0.0
6.0
6.0
6.0
6.0
6.0
6.0
0.0
7.0
7.0
7.0
7.0
7.0
7.0
7.0
1.0
8.0
8.0
8.0
8.0
8.0
8.0
8.0
0.0
0.0
0.0
0.0
0.0
0.0
0.0
1.0
1.0
0.0
0.0
0.0
0.0
0.0
0.0
0.0
0.0
1.0
0.0
0.0
0.0
0.0
1.0
0.0
0.0
-7.0
1.0
0.0
0.0
0.0
-6.0
0.0
0.0
-105.0
14.0
1.0
1.0
0.0
-90.0
0.0
0.0
2625.0
-350.0
-26.0
-4.0
0.0
2250.0
0.0
0.0
0.0
0.0
0.0
0.0
1.0
0.0
0.0
0.0
222600.0
-29680.0
-2205.0
-336.0
0.0
190800.0
0.0
1.0
0.0
-8.0
16.0
96.0
4272.0
0.0
-10560.0
0.0
0.0
1.0
-2.0
-12.0
-534.0
-1.0
1320.0
0.0
0.0
0.0
0.0
-1.0
-34.0
1.0
84.0
0.0
0.0
0.0
0.0
-19.0
-858.0
0.0
2121.0
0.0
0.0
0.0
-5.0
-8.0
-354.0
0.0
875.0
0.0
0.0
3.0
-2.0
-14.0
-623.0
0.0
1540.0
0.0
-1.0
-3.0
7.0
42.0
1869.0
0.0
-4620.0
0.0
1.0
0.0
0.0
0.0
0.0
0.0
0.0
1.0
2.0
3.0
4.0
5.0
6.0
7.0
8.0
1.0
1.0
1.0
1.0
1.0
2.0
6.0
420.0
0.0
0.0
0.0
0.0
0.0
0.0
0.0
0.0
