1 2 3 5 10 16 23 28 38 44 49
1 2 5 10 14 22 29 35 46 59 65
1 2 4 7 13 16 21 26 36 44 49
1 2 3 4 7 10 13 17 26 29 32
1 2 5 9 16 22 26 32 43 54 60
1 2 4 6 10 16 25 31 42 49 54
1 2 3 7 9 16 24 30 41 54 60
1 2 5 8 13 16 23 29 40 49 54
1 2 4 9 12 16 22 28 39 44 49
1 2 3 6 11 16 21 27 38 49 54
1 2 5 7 10 16 20 26 37 44 49
1 2 4 8 14 22 26 33 45 59 65
1 2 3 5 8 10 18 24 35 44 49
1 2 5 10 17 22 31 39 52 59 65
1 2 4 7 11 16 23 30 42 54 60
1 2 3 4 5 10 15 21 32 39 43
1 2 5 9 14 22 28 36 49 64 71
1 2 4 6 8 10 13 19 30 39 43
1 2 3 7 12 16 19 26 38 44 49
1 2 5 8 11 16 25 33 46 59 65
1 2 4 9 15 22 31 40 45 54 60
1 2 3 6 9 16 23 31 35 39 43
1 2 5 7 13 16 22 30 34 44 49
1 2 4 8 12 16 21 29 33 39 43
1 2 3 5 11 16 20 28 32 44 49
1 2 5 10 15 22 26 35 40 49 54
1 2 4 7 9 16 25 34 39 44 49
1 2 3 4 8 10 17 25 29 39 43
1 2 5 9 12 16 23 32 37 44 49
1 2 4 6 11 16 22 31 36 49 54
1 2 3 7 10 16 21 30 35 44 49
1 2 5 8 14 22 27 37 43 49 54
1 2 4 9 13 16 19 28 33 44 49
1 2 3 6 12 16 25 35 41 49 54
1 2 5 7 11 16 24 34 40 54 60
1 2 4 8 10 16 23 33 39 49 54
1 2 3 5 9 16 22 32 38 44 49
1 2 5 10 13 16 21 31 37 49 54
1 2 4 7 12 16 20 30 36 44 49
1 2 3 4 6 10 12 21 26 29 32
1 2 5 9 15 22 32 44 52 64 71
1 2 4 6 9 16 24 35 42 49 54
1 2 3 7 13 16 23 34 41 54 60
1 2 5 8 12 16 22 33 40 49 54
1 2 4 9 16 22 28 32 39 44 49
1 2 3 6 10 16 20 23 29 39 43
1 2 5 7 9 16 19 22 28 34 38
1 2 4 8 13 16 25 29 36 49 54
1 2 3 5 7 10 17 20 26 34 38
1 2 5 10 16 22 30 35 43 49 54
1 2 4 7 10 16 22 26 33 44 49
1 2 3 4 9 16 21 25 32 39 43
1 2 5 9 13 16 20 24 31 44 49
1 2 4 6 12 16 19 23 30 39 43
1 2 3 7 11 16 25 30 38 44 49
1 2 5 8 10 16 24 29 37 49 54
1 2 4 9 14 22 30 36 45 54 60
1 2 3 6 8 10 15 19 26 29 32
1 2 5 7 12 16 21 26 34 44 49
1 2 4 8 11 16 20 25 33 39 43
1 2 3 5 10 16 19 24 32 44 49
1 2 5 10 14 22 32 39 49 59 65
1 2 4 7 13 16 24 30 39 44 49
1 2 3 4 7 10 16 21 29 39 43
1 2 5 9 16 22 29 36 46 54 60
1 2 4 6 10 16 21 27 36 49 54
1 2 3 7 9 16 20 26 35 44 49
1 2 5 8 13 16 19 25 34 39 43
1 2 4 9 12 16 25 32 42 54 60
1 2 3 6 11 16 24 31 41 49 54
1 2 5 7 10 16 23 30 40 54 60
1 2 4 8 14 22 29 37 48 59 65
1 2 3 5 8 10 14 20 29 34 38
1 2 5 10 17 22 27 35 46 59 65
1 2 4 7 11 16 19 26 36 44 49
1 2 3 4 5 10 18 25 35 39 43
1 2 5 9 14 22 31 40 52 64 71
1 2 4 6 8 10 16 23 33 39 43
1 2 3 7 12 16 22 30 41 54 60
1 2 5 8 11 16 21 29 40 49 54
1 2 4 9 15 22 27 36 48 54 60
1 2 3 6 9 16 19 27 38 49 54
1 2 5 7 13 16 25 34 46 54 60
1 2 4 8 12 16 24 33 45 59 65
1 2 3 5 11 16 23 32 44 54 60
1 2 5 10 15 22 29 39 52 59 65
1 2 4 7 9 16 21 30 42 54 60
1 2 3 4 8 10 13 21 32 39 43
1 2 5 9 12 16 19 28 40 54 60
1 2 4 6 11 16 25 35 48 59 65
1 2 3 7 10 16 24 34 47 54 60
1 2 5 8 14 22 30 41 55 69 76
1 2 4 9 13 16 22 32 36 44 49
1 2 3 6 12 16 21 31 35 39 43
1 2 5 7 11 16 20 30 34 44 49
1 2 4 8 10 16 19 29 33 39 43
1 2 3 5 9 16 25 36 41 54 60
1 2 5 10 13 16 24 35 40 49 54
1 2 4 7 12 16 23 34 39 44 49
1 2 3 4 6 10 15 25 29 39 43
1 2 5 9 15 22 28 32 37 44 49
1 2 4 6 9 16 20 23 27 39 43
1 2 3 7 13 16 19 22 26 34 38
1 2 5 8 12 16 25 29 34 39 43
1 2 4 9 16 22 31 36 42 54 60
1 2 3 6 10 16 23 27 32 39 43
1 2 5 7 9 16 22 26 31 44 49
1 2 4 8 13 16 21 25 30 39 43
1 2 3 5 7 10 13 16 20 24 27
1 2 5 10 16 22 26 31 37 49 54
1 2 4 7 10 16 25 30 36 44 49
1 2 3 4 9 16 24 29 35 39 43
1 2 5 9 13 16 23 28 34 44 49
1 2 4 6 12 16 22 27 33 39 43
1 2 3 7 11 16 21 26 32 44 49
1 2 5 8 10 16 20 25 31 39 43
1 2 4 9 14 22 26 32 39 44 49
1 2 3 6 8 10 18 23 29 39 43
1 2 5 7 12 16 24 30 37 44 49
1 2 4 8 11 16 23 29 36 49 54
1 2 3 5 10 16 22 28 35 44 49
1 2 5 10 14 22 28 35 43 49 54
1 2 4 7 13 16 20 26 33 44 49
1 2 3 4 7 10 12 17 23 29 32
1 2 5 9 16 22 32 40 49 64 71
1 2 4 6 10 16 24 31 39 49 54
1 2 3 7 9 16 23 30 38 44 49
1 2 5 8 13 16 22 29 37 49 54
1 2 4 9 12 16 21 28 36 44 49
1 2 3 6 11 16 20 27 35 39 43
1 2 5 7 10 16 19 26 34 44 49
1 2 4 8 14 22 32 41 51 59 65
1 2 3 5 8 10 17 24 32 44 49
1 2 5 10 17 22 30 39 49 59 65
1 2 4 7 11 16 22 30 39 44 49
1 2 3 4 5 10 14 21 29 39 43
1 2 5 9 14 22 27 36 46 54 60
1 2 4 6 8 10 12 19 27 39 43
1 2 3 7 12 16 25 34 44 54 60
1 2 5 8 11 16 24 33 43 49 54
1 2 4 9 15 22 30 40 51 64 71
1 2 3 6 9 16 22 31 41 49 54
1 2 5 7 13 16 21 30 40 54 60
1 2 4 8 12 16 20 29 39 49 54
1 2 3 5 11 16 19 28 38 44 49
1 2 5 10 15 22 32 43 55 69 76
1 2 4 7 9 16 24 34 45 54 60
1 2 3 4 8 10 16 25 35 39 43
1 2 5 9 12 16 22 32 43 54 60
1 2 4 6 11 16 21 31 42 49 54
1 2 3 7 10 16 20 30 41 54 60
1 2 5 8 14 22 26 37 49 59 65
1 2 4 9 13 16 25 36 48 54 60
1 2 3 6 12 16 24 35 47 59 65
1 2 5 7 11 16 23 34 46 54 60
1 2 4 8 10 16 22 33 45 59 65
1 2 3 5 9 16 21 24 35 44 49
1 2 5 10 13 16 20 23 34 39 43
1 2 4 7 12 16 19 22 33 44 49
1 2 3 4 6 10 18 21 32 39 43
1 2 5 9 15 22 31 36 49 64 71
1 2 4 6 9 16 23 27 39 49 54
1 2 3 7 13 16 22 26 38 44 49
1 2 5 8 12 16 21 25 37 49 54
1 2 4 9 16 22 27 32 36 44 49
1 2 3 6 10 16 19 23 26 29 32
1 2 5 7 9 16 25 30 34 44 49
1 2 4 8 13 16 24 29 33 39 43
1 2 3 5 7 10 16 20 23 34 38
1 2 5 10 16 22 29 35 40 49 54
1 2 4 7 10 16 21 26 30 34 38
1 2 3 4 9 16 20 25 29 39 43
1 2 5 9 13 16 19 24 28 34 38
1 2 4 6 12 16 25 31 36 49 54
1 2 3 7 11 16 24 30 35 44 49
1 2 5 8 10 16 23 29 34 39 43
1 2 4 9 14 22 29 36 42 54 60
1 2 3 6 8 10 14 19 23 29 32
1 2 5 7 12 16 20 26 31 44 49
1 2 4 8 11 16 19 25 30 39 43
1 2 3 5 10 16 25 32 38 44 49
1 2 5 10 14 22 31 39 46 59 65
1 2 4 7 13 16 23 30 36 44 49
1 2 3 4 7 10 15 21 26 29 32
1 2 5 9 16 22 28 36 43 54 60
1 2 4 6 10 16 20 27 33 39 43
1 2 3 7 9 16 19 26 32 44 49
1 2 5 8 13 16 25 33 40 49 54
1 2 4 9 12 16 24 32 39 44 49
1 2 3 6 11 16 23 31 38 49 54
1 2 5 7 10 16 22 30 37 44 49
1 2 4 8 14 22 28 37 45 59 65
1 2 3 5 8 10 13 20 26 34 38
1 2 5 10 17 22 26 35 43 49 54
1 2 4 7 11 16 25 34 42 54 60
1 2 3 4 5 10 17 25 32 39 43
1 2 5 9 14 22 30 40 49 64 71
1 2 4 6 8 10 15 23 30 39 43
1 2 3 7 12 16 21 30 38 44 49
1 2 5 8 11 16 20 29 37 49 54
1 2 4 9 15 22 26 36 45 54 60
1 2 3 6 9 16 25 35 44 49 54
1 2 5 7 13 16 24 34 43 54 60
1 2 4 8 12 16 23 33 42 49 54
1 2 3 5 11 16 22 32 41 54 60
1 2 5 10 15 22 28 39 49 59 65
1 2 4 7 9 16 20 30 39 44 49
1 2 3 4 8 10 12 21 29 39 43
1 2 5 9 12 16 25 36 46 54 60
1 2 4 6 11 16 24 35 45 59 65
1 2 3 7 10 16 23 34 44 54 60
1 2 5 8 14 22 29 41 52 59 65
1 2 4 9 13 16 21 24 33 44 49
1 2 3 6 12 16 20 23 32 39 43
1 2 5 7 11 16 19 22 31 44 49
1 2 4 8 10 16 25 29 39 49 54
1 2 3 5 9 16 24 28 38 44 49
1 2 5 10 13 16 23 27 37 49 54
1 2 4 7 12 16 22 26 36 44 49
1 2 3 4 6 10 14 17 26 29 32
1 2 5 9 15 22 27 32 43 54 60
1 2 4 6 9 16 19 23 33 39 43
1 2 3 7 13 16 25 30 41 54 60
1 2 5 8 12 16 24 29 40 49 54
1 2 4 9 16 22 30 36 48 54 60
1 2 3 6 10 16 22 27 38 49 54
1 2 5 7 9 16 21 26 37 44 49
1 2 4 8 13 16 20 25 36 49 54
1 2 3 5 7 10 12 16 26 34 38
1 2 5 10 16 22 32 39 52 59 65
1 2 4 7 10 16 24 30 42 54 60
1 2 3 4 9 16 23 29 41 49 54
1 2 5 9 13 16 22 28 40 54 60
1 2 4 6 12 16 21 27 39 49 54
1 2 3 7 11 16 20 26 38 44 49
1 2 5 8 10 16 19 25 37 49 54
1 2 4 9 14 22 32 40 45 54 60
1 2 3 6 8 10 17 23 26 29 32
1 2 5 7 12 16 23 30 34 44 49
1 2 4 8 11 16 22 29 33 39 43
1 2 3 5 10 16 21 28 32 44 49
1 2 5 10 14 22 27 35 40 49 54
1 2 4 7 13 16 19 26 30 34 38
1 2 3 4 7 10 18 25 29 39 43
1 2 5 9 16 22 31 40 46 54 60
1 2 4 6 10 16 23 31 36 49 54
1 2 3 7 9 16 22 30 35 44 49
1 2 5 8 13 16 21 29 34 39 43
1 2 4 9 12 16 20 28 33 44 49
1 2 3 6 11 16 19 27 32 39 43
1 2 5 7 10 16 25 34 40 54 60
1 2 4 8 14 22 31 41 48 59 65
1 2 3 5 8 10 16 24 29 34 38
1 2 5 10 17 22 29 39 46 59 65
1 2 4 7 11 16 21 30 36 44 49
1 2 3 4 5 10 13 21 26 29 32
1 2 5 9 14 22 26 36 43 54 60
1 2 4 6 8 10 18 27 33 39 43
1 2 3 7 12 16 24 34 41 54 60
1 2 5 8 11 16 23 33 40 49 54
1 2 4 9 15 22 29 40 48 54 60
1 2 3 6 9 16 21 31 38 49 54
1 2 5 7 13 16 20 30 37 44 49
1 2 4 8 12 16 19 29 36 49 54
1 2 3 5 11 16 25 36 44 54 60
1 2 5 10 15 22 31 43 52 59 65
1 2 4 7 9 16 23 34 42 54 60
1 2 3 4 8 10 15 25 32 39 43
1 2 5 9 12 16 21 24 31 44 49
1 2 4 6 11 16 20 23 30 39 43
1 2 3 7 10 16 19 22 29 34 38
1 2 5 8 14 22 32 37 46 59 65
1 2 4 9 13 16 24 28 36 44 49
1 2 3 6 12 16 23 27 35 39 43
1 2 5 7 11 16 22 26 34 44 49
1 2 4 8 10 16 21 25 33 39 43
1 2 3 5 9 16 20 24 32 44 49
1 2 5 10 13 16 19 23 31 39 43
1 2 4 7 12 16 25 30 39 44 49
1 2 3 4 6 10 17 21 29 39 43
1 2 5 9 15 22 30 36 46 54 60
1 2 4 6 9 16 22 27 36 49 54
1 2 3 7 13 16 21 26 35 44 49
1 2 5 8 12 16 20 25 34 39 43
1 2 4 9 16 22 26 32 42 54 60
1 2 3 6 10 16 25 31 41 49 54
1 2 5 7 9 16 24 30 40 54 60
1 2 4 8 13 16 23 29 39 49 54
1 2 3 5 7 10 15 20 29 34 38
1 2 5 10 16 22 28 35 46 59 65
1 2 4 7 10 16 20 26 36 44 49
1 2 3 4 9 16 19 25 35 39 43
1 2 5 9 13 16 25 32 43 54 60
1 2 4 6 12 16 24 31 42 49 54
1 2 3 7 11 16 23 30 41 54 60
1 2 5 8 10 16 22 29 40 49 54
1 2 4 9 14 22 28 36 48 54 60
1 2 3 6 8 10 13 19 29 39 43
1 2 5 7 12 16 19 26 37 44 49
1 2 4 8 11 16 25 33 45 59 65
1 2 3 5 10 16 24 32 44 54 60
1 2 5 10 14 22 30 39 52 59 65
1 2 4 7 13 16 22 30 42 54 60
1 2 3 4 7 10 14 21 32 39 43
1 2 5 9 16 22 27 36 49 64 71
1 2 4 6 10 16 19 27 39 49 54
1 2 3 7 9 16 25 34 47 54 60
1 2 5 8 13 16 24 33 46 59 65
1 2 4 9 12 16 23 32 36 44 49
1 2 3 6 11 16 22 31 35 39 43
1 2 5 7 10 16 21 30 34 44 49
1 2 4 8 14 22 27 37 42 49 54
1 2 3 5 8 10 12 20 23 34 38
1 2 5 10 17 22 32 43 49 59 65
1 2 4 7 11 16 24 34 39 44 49
1 2 3 4 5 10 16 25 29 39 43
1 2 5 9 14 22 29 40 46 54 60
1 2 4 6 8 10 14 23 27 39 43
1 2 3 7 12 16 20 30 35 44 49
1 2 5 8 11 16 19 29 34 39 43
1 2 4 9 15 22 32 44 51 64 71
1 2 3 6 9 16 24 35 41 49 54
1 2 5 7 13 16 23 34 40 54 60
1 2 4 8 12 16 22 33 39 49 54
1 2 3 5 11 16 21 24 29 34 38
1 2 5 10 15 22 27 31 37 49 54
1 2 4 7 9 16 19 22 27 34 38
1 2 3 4 8 10 18 21 26 29 32
1 2 5 9 12 16 24 28 34 44 49
1 2 4 6 11 16 23 27 33 39 43
1 2 3 7 10 16 22 26 32 44 49
1 2 5 8 14 22 28 33 40 49 54
1 2 4 9 13 16 20 24 30 34 38
1 2 3 6 12 16 19 23 29 39 43
1 2 5 7 11 16 25 30 37 44 49
1 2 4 8 10 16 24 29 36 49 54
1 2 3 5 9 16 23 28 35 44 49
1 2 5 10 13 16 22 27 34 39 43
1 2 4 7 12 16 21 26 33 44 49
1 2 3 4 6 10 13 17 23 29 32
1 2 5 9 15 22 26 32 40 54 60
1 2 4 6 9 16 25 31 39 49 54
1 2 3 7 13 16 24 30 38 44 49
1 2 5 8 12 16 23 29 37 49 54
1 2 4 9 16 22 29 36 45 54 60
1 2 3 6 10 16 21 27 35 39 43
1 2 5 7 9 16 20 26 34 44 49
1 2 4 8 13 16 19 25 33 39 43
1 2 3 5 7 10 18 24 32 44 49
1 2 5 10 16 22 31 39 49 59 65
1 2 4 7 10 16 23 30 39 44 49
1 2 3 4 9 16 22 29 38 49 54
1 2 5 9 13 16 21 28 37 44 49
1 2 4 6 12 16 20 27 36 49 54
1 2 3 7 11 16 19 26 35 44 49
1 2 5 8 10 16 25 33 43 49 54
1 2 4 9 14 22 31 40 51 64 71
1 2 3 6 8 10 16 23 32 39 43
1 2 5 7 12 16 22 30 40 54 60
1 2 4 8 11 16 21 29 39 49 54
1 2 3 5 10 16 20 28 38 44 49
1 2 5 10 14 22 26 35 46 59 65
1 2 4 7 13 16 25 34 45 54 60
1 2 3 4 7 10 17 25 35 39 43
1 2 5 9 16 22 30 40 52 64 71
1 2 4 6 10 16 22 31 42 49 54
1 2 3 7 9 16 21 30 41 54 60
1 2 5 8 13 16 20 29 40 49 54
1 2 4 9 12 16 19 28 39 44 49
1 2 3 6 11 16 25 35 47 59 65
1 2 5 7 10 16 24 34 46 54 60
1 2 4 8 14 22 30 41 54 69 76
1 2 3 5 8 10 15 24 35 44 49
1 2 5 10 17 22 28 39 52 59 65
1 2 4 7 11 16 20 30 42 54 60
1 2 3 4 5 10 12 21 32 39 43
1 2 5 9 14 22 32 44 58 74 82
1 2 4 6 8 10 17 27 39 49 54
1 2 3 7 12 16 23 34 47 54 60
1 2 5 8 11 16 22 33 46 59 65
1 2 4 9 15 22 28 32 36 44 49
1 2 3 6 9 16 20 23 26 29 32
1 2 5 7 13 16 19 22 25 34 38
1 2 4 8 12 16 25 29 33 39 43
1 2 3 5 11 16 24 28 32 44 49
1 2 5 10 15 22 30 35 40 49 54
1 2 4 7 9 16 22 26 30 34 38
1 2 3 4 8 10 14 17 20 29 32
1 2 5 9 12 16 20 24 28 34 38
1 2 4 6 11 16 19 23 27 39 43
1 2 3 7 10 16 25 30 35 44 49
1 2 5 8 14 22 31 37 43 49 54
1 2 4 9 13 16 23 28 33 44 49
1 2 3 6 12 16 22 27 32 39 43
1 2 5 7 11 16 21 26 31 44 49
1 2 4 8 10 16 20 25 30 39 43
1 2 3 5 9 16 19 24 29 34 38
1 2 5 10 13 16 25 31 37 49 54
1 2 4 7 12 16 24 30 36 44 49
1 2 3 4 6 10 16 21 26 29 32
1 2 5 9 15 22 29 36 43 54 60
1 2 4 6 9 16 21 27 33 39 43
1 2 3 7 13 16 20 26 32 44 49
1 2 5 8 12 16 19 25 31 39 43
1 2 4 9 16 22 32 40 48 54 60
1 2 3 6 10 16 24 31 38 49 54
1 2 5 7 9 16 23 30 37 44 49
1 2 4 8 13 16 22 29 36 49 54
1 2 3 5 7 10 14 20 26 34 38
1 2 5 10 16 22 27 35 43 49 54
1 2 4 7 10 16 19 26 33 44 49
1 2 3 4 9 16 25 33 41 49 54
1 2 5 9 13 16 24 32 40 54 60
1 2 4 6 12 16 23 31 39 49 54
1 2 3 7 11 16 22 30 38 44 49
1 2 5 8 10 16 21 29 37 49 54
1 2 4 9 14 22 27 36 45 54 60
1 2 3 6 8 10 12 19 26 29 32
1 2 5 7 12 16 25 34 43 54 60
1 2 4 8 11 16 24 33 42 49 54
1 2 3 5 10 16 23 32 41 54 60
1 2 5 10 14 22 29 39 49 59 65
1 2 4 7 13 16 21 30 39 44 49
1 2 3 4 7 10 13 21 29 39 43
1 2 5 9 16 22 26 36 46 54 60
1 2 4 6 10 16 25 35 45 59 65
1 2 3 7 9 16 24 34 44 54 60
1 2 5 8 13 16 23 33 43 49 54
1 2 4 9 12 16 22 32 42 54 60
1 2 3 6 11 16 21 31 41 49 54
1 2 5 7 10 16 20 30 40 54 60
1 2 4 8 14 22 26 37 48 59 65
1 2 3 5 8 10 18 28 38 44 49
1 2 5 10 17 22 31 43 55 69 76
1 2 4 7 11 16 23 34 45 54 60
1 2 3 4 5 10 15 25 35 39 43
1 2 5 9 14 22 28 32 43 54 60
1 2 4 6 8 10 13 15 24 29 32
1 2 3 7 12 16 19 22 32 44 49
1 2 5 8 11 16 25 29 40 49 54
1 2 4 9 15 22 31 36 48 54 60
1 2 3 6 9 16 23 27 38 49 54
1 2 5 7 13 16 22 26 37 44 49
1 2 4 8 12 16 21 25 36 49 54
1 2 3 5 11 16 20 24 35 44 49
1 2 5 10 15 22 26 31 43 49 54
1 2 4 7 9 16 25 30 42 54 60
1 2 3 4 8 10 17 21 32 39 43
1 2 5 9 12 16 23 28 40 54 60
1 2 4 6 11 16 22 27 39 49 54
1 2 3 7 10 16 21 26 38 44 49
1 2 5 8 14 22 27 33 46 59 65
1 2 4 9 13 16 19 24 27 34 38
1 2 3 6 12 16 25 31 35 39 43
1 2 5 7 11 16 24 30 34 44 49
1 2 4 8 10 16 23 29 33 39 43
1 2 3 5 9 16 22 28 32 44 49
1 2 5 10 13 16 21 27 31 39 43
1 2 4 7 12 16 20 26 30 34 38
1 2 3 4 6 10 12 17 20 29 32
1 2 5 9 15 22 32 40 46 54 60
1 2 4 6 9 16 24 31 36 49 54
1 2 3 7 13 16 23 30 35 44 49
1 2 5 8 12 16 22 29 34 39 43
1 2 4 9 16 22 28 36 42 54 60
1 2 3 6 10 16 20 27 32 39 43
1 2 5 7 9 16 19 26 31 44 49
1 2 4 8 13 16 25 33 39 49 54
1 2 3 5 7 10 17 24 29 34 38
1 2 5 10 16 22 30 39 46 59 65
1 2 4 7 10 16 22 30 36 44 49
1 2 3 4 9 16 21 29 35 39 43
1 2 5 9 13 16 20 28 34 44 49
1 2 4 6 12 16 19 27 33 39 43
1 2 3 7 11 16 25 34 41 54 60
1 2 5 8 10 16 24 33 40 49 54
1 2 4 9 14 22 30 40 48 54 60
1 2 3 6 8 10 15 23 29 39 43
1 2 5 7 12 16 21 30 37 44 49
1 2 4 8 11 16 20 29 36 49 54
1 2 3 5 10 16 19 28 35 44 49
1 2 5 10 14 22 32 43 52 59 65
1 2 4 7 13 16 24 34 42 54 60
1 2 3 4 7 10 16 25 32 39 43
1 2 5 9 16 22 29 40 49 64 71
1 2 4 6 10 16 21 31 39 49 54
1 2 3 7 9 16 20 30 38 44 49
1 2 5 8 13 16 19 29 37 49 54
1 2 4 9 12 16 25 36 45 54 60
1 2 3 6 11 16 24 35 44 49 54
1 2 5 7 10 16 23 34 43 54 60
1 2 4 8 14 22 29 41 51 59 65
1 2 3 5 8 10 14 16 23 34 38
1 2 5 10 17 22 27 31 40 49 54
1 2 4 7 11 16 19 22 30 34 38
1 2 3 4 5 10 18 21 29 39 43
1 2 5 9 14 22 31 36 46 54 60
1 2 4 6 8 10 16 19 27 39 43
1 2 3 7 12 16 22 26 35 44 49
1 2 5 8 11 16 21 25 34 39 43
1 2 4 9 15 22 27 32 42 54 60
1 2 3 6 9 16 19 23 32 39 43
1 2 5 7 13 16 25 30 40 54 60
1 2 4 8 12 16 24 29 39 49 54
1 2 3 5 11 16 23 28 38 44 49
1 2 5 10 15 22 29 35 46 59 65
1 2 4 7 9 16 21 26 36 44 49
1 2 3 4 8 10 13 17 26 29 32
1 2 5 9 12 16 19 24 34 44 49
1 2 4 6 11 16 25 31 42 49 54
1 2 3 7 10 16 24 30 41 54 60
1 2 5 8 14 22 30 37 49 59 65
1 2 4 9 13 16 22 28 39 44 49
1 2 3 6 12 16 21 27 38 49 54
1 2 5 7 11 16 20 26 37 44 49
1 2 4 8 10 16 19 25 36 49 54
1 2 3 5 9 16 25 32 44 54 60
1 2 5 10 13 16 24 31 43 49 54
1 2 4 7 12 16 23 30 42 54 60
1 2 3 4 6 10 15 21 32 39 43
1 2 5 9 15 22 28 36 49 64 71
1 2 4 6 9 16 20 27 39 49 54
1 2 3 7 13 16 19 26 38 44 49
1 2 5 8 12 16 25 33 46 59 65
1 2 4 9 16 22 31 40 45 54 60
1 2 3 6 10 16 23 31 35 39 43
1 2 5 7 9 16 22 30 34 44 49
1 2 4 8 13 16 21 29 33 39 43
1 2 3 5 7 10 13 20 23 34 38
1 2 5 10 16 22 26 35 40 49 54
1 2 4 7 10 16 25 34 39 44 49
1 2 3 4 9 16 24 33 38 49 54
1 2 5 9 13 16 23 32 37 44 49
1 2 4 6 12 16 22 31 36 49 54
1 2 3 7 11 16 21 30 35 44 49
1 2 5 8 10 16 20 29 34 39 43
1 2 4 9 14 22 26 36 42 54 60
1 2 3 6 8 10 18 27 32 39 43
1 2 5 7 12 16 24 34 40 54 60
1 2 4 8 11 16 23 33 39 49 54
1 2 3 5 10 16 22 32 38 44 49
1 2 5 10 14 22 28 39 46 59 65
1 2 4 7 13 16 20 30 36 44 49
1 2 3 4 7 10 12 21 26 29 32
1 2 5 9 16 22 32 44 52 64 71
1 2 4 6 10 16 24 35 42 49 54
1 2 3 7 9 16 23 34 41 54 60
1 2 5 8 13 16 22 33 40 49 54
1 2 4 9 12 16 21 24 30 34 38
1 2 3 6 11 16 20 23 29 39 43
1 2 5 7 10 16 19 22 28 34 38
1 2 4 8 14 22 32 37 45 59 65
1 2 3 5 8 10 17 20 26 34 38
1 2 5 10 17 22 30 35 43 49 54
1 2 4 7 11 16 22 26 33 44 49
1 2 3 4 5 10 14 17 23 29 32
1 2 5 9 14 22 27 32 40 54 60
1 2 4 6 8 10 12 15 21 29 32
1 2 3 7 12 16 25 30 38 44 49
1 2 5 8 11 16 24 29 37 49 54
1 2 4 9 15 22 30 36 45 54 60
1 2 3 6 9 16 22 27 35 39 43
1 2 5 7 13 16 21 26 34 44 49
1 2 4 8 12 16 20 25 33 39 43
1 2 3 5 11 16 19 24 32 44 49
1 2 5 10 15 22 32 39 49 59 65
1 2 4 7 9 16 24 30 39 44 49
1 2 3 4 8 10 16 21 29 39 43
1 2 5 9 12 16 22 28 37 44 49
1 2 4 6 11 16 21 27 36 49 54
1 2 3 7 10 16 20 26 35 44 49
1 2 5 8 14 22 26 33 43 49 54
1 2 4 9 13 16 25 32 42 54 60
1 2 3 6 12 16 24 31 41 49 54
1 2 5 7 11 16 23 30 40 54 60
1 2 4 8 10 16 22 29 39 49 54
1 2 3 5 9 16 21 28 38 44 49
1 2 5 10 13 16 20 27 37 49 54
1 2 4 7 12 16 19 26 36 44 49
1 2 3 4 6 10 18 25 35 39 43
1 2 5 9 15 22 31 40 52 64 71
1 2 4 6 9 16 23 31 42 49 54
1 2 3 7 13 16 22 30 41 54 60
1 2 5 8 12 16 21 29 40 49 54
1 2 4 9 16 22 27 36 48 54 60
1 2 3 6 10 16 19 27 38 49 54
1 2 5 7 9 16 25 34 46 54 60
1 2 4 8 13 16 24 33 45 59 65
1 2 3 5 7 10 16 24 35 44 49
1 2 5 10 16 22 29 39 52 59 65
1 2 4 7 10 16 21 30 42 54 60
1 2 3 4 9 16 20 29 41 49 54
1 2 5 9 13 16 19 28 40 54 60
1 2 4 6 12 16 25 35 48 59 65
1 2 3 7 11 16 24 34 47 54 60
1 2 5 8 10 16 23 33 46 59 65
1 2 4 9 14 22 29 40 45 54 60
1 2 3 6 8 10 14 23 26 29 32
1 2 5 7 12 16 20 30 34 44 49
1 2 4 8 11 16 19 29 33 39 43
1 2 3 5 10 16 25 36 41 54 60
1 2 5 10 14 22 31 43 49 59 65
1 2 4 7 13 16 23 34 39 44 49
1 2 3 4 7 10 15 25 29 39 43
1 2 5 9 16 22 28 32 37 44 49
1 2 4 6 10 16 20 23 27 39 43
1 2 3 7 9 16 19 22 26 34 38
1 2 5 8 13 16 25 29 34 39 43
1 2 4 9 12 16 24 28 33 44 49
1 2 3 6 11 16 23 27 32 39 43
1 2 5 7 10 16 22 26 31 44 49
1 2 4 8 14 22 28 33 39 49 54
1 2 3 5 8 10 13 16 20 24 27
1 2 5 10 17 22 26 31 37 49 54
1 2 4 7 11 16 25 30 36 44 49
1 2 3 4 5 10 17 21 26 29 32
1 2 5 9 14 22 30 36 43 54 60
1 2 4 6 8 10 15 19 24 29 32
1 2 3 7 12 16 21 26 32 44 49
1 2 5 8 11 16 20 25 31 39 43
1 2 4 9 15 22 26 32 39 44 49
1 2 3 6 9 16 25 31 38 49 54
1 2 5 7 13 16 24 30 37 44 49
1 2 4 8 12 16 23 29 36 49 54
1 2 3 5 11 16 22 28 35 44 49
1 2 5 10 15 22 28 35 43 49 54
1 2 4 7 9 16 20 26 33 44 49
1 2 3 4 8 10 12 17 23 29 32
1 2 5 9 12 16 25 32 40 54 60
1 2 4 6 11 16 24 31 39 49 54
1 2 3 7 10 16 23 30 38 44 49
1 2 5 8 14 22 29 37 46 59 65
1 2 4 9 13 16 21 28 36 44 49
1 2 3 6 12 16 20 27 35 39 43
1 2 5 7 11 16 19 26 34 44 49
1 2 4 8 10 16 25 33 42 49 54
1 2 3 5 9 16 24 32 41 54 60
1 2 5 10 13 16 23 31 40 49 54
1 2 4 7 12 16 22 30 39 44 49
1 2 3 4 6 10 14 21 29 39 43
1 2 5 9 15 22 27 36 46 54 60
1 2 4 6 9 16 19 27 36 49 54
1 2 3 7 13 16 25 34 44 54 60
1 2 5 8 12 16 24 33 43 49 54
1 2 4 9 16 22 30 40 51 64 71
1 2 3 6 10 16 22 31 41 49 54
1 2 5 7 9 16 21 30 40 54 60
1 2 4 8 13 16 20 29 39 49 54
1 2 3 5 7 10 12 20 29 34 38
1 2 5 10 16 22 32 43 55 69 76
1 2 4 7 10 16 24 34 45 54 60
1 2 3 4 9 16 23 33 44 49 54
1 2 5 9 13 16 22 32 43 54 60
1 2 4 6 12 16 21 31 42 49 54
1 2 3 7 11 16 20 30 41 54 60
1 2 5 8 10 16 19 29 40 49 54
1 2 4 9 14 22 32 44 57 64 71
1 2 3 6 8 10 17 27 38 49 54
1 2 5 7 12 16 23 34 46 54 60
1 2 4 8 11 16 22 33 45 59 65
1 2 3 5 10 16 21 24 35 44 49
1 2 5 10 14 22 27 31 43 49 54
1 2 4 7 13 16 19 22 33 44 49
1 2 3 4 7 10 18 21 32 39 43
1 2 5 9 16 22 31 36 49 64 71
1 2 4 6 10 16 23 27 39 49 54
1 2 3 7 9 16 22 26 38 44 49
1 2 5 8 13 16 21 25 37 49 54
1 2 4 9 12 16 20 24 27 34 38
1 2 3 6 11 16 19 23 26 29 32
1 2 5 7 10 16 25 30 34 44 49
1 2 4 8 14 22 31 37 42 49 54
1 2 3 5 8 10 16 20 23 34 38
1 2 5 10 17 22 29 35 40 49 54
1 2 4 7 11 16 21 26 30 34 38
1 2 3 4 5 10 13 17 20 29 32
1 2 5 9 14 22 26 32 37 44 49
1 2 4 6 8 10 18 23 27 39 43
1 2 3 7 12 16 24 30 35 44 49
1 2 5 8 11 16 23 29 34 39 43
1 2 4 9 15 22 29 36 42 54 60
1 2 3 6 9 16 21 27 32 39 43
1 2 5 7 13 16 20 26 31 44 49
1 2 4 8 12 16 19 25 30 39 43
1 2 3 5 11 16 25 32 38 44 49
1 2 5 10 15 22 31 39 46 59 65
1 2 4 7 9 16 23 30 36 44 49
1 2 3 4 8 10 15 21 26 29 32
1 2 5 9 12 16 21 28 34 44 49
1 2 4 6 11 16 20 27 33 39 43
1 2 3 7 10 16 19 26 32 44 49
1 2 5 8 14 22 32 41 49 59 65
1 2 4 9 13 16 24 32 39 44 49
1 2 3 6 12 16 23 31 38 49 54
1 2 5 7 11 16 22 30 37 44 49
1 2 4 8 10 16 21 29 36 49 54
1 2 3 5 9 16 20 28 35 44 49
1 2 5 10 13 16 19 27 34 39 43
1 2 4 7 12 16 25 34 42 54 60
1 2 3 4 6 10 17 25 32 39 43
1 2 5 9 15 22 30 40 49 64 71
1 2 4 6 9 16 22 31 39 49 54
1 2 3 7 13 16 21 30 38 44 49
1 2 5 8 12 16 20 29 37 49 54
1 2 4 9 16 22 26 36 45 54 60
1 2 3 6 10 16 25 35 44 49 54
1 2 5 7 9 16 24 34 43 54 60
1 2 4 8 13 16 23 33 42 49 54
1 2 3 5 7 10 15 24 32 44 49
1 2 5 10 16 22 28 39 49 59 65
1 2 4 7 10 16 20 30 39 44 49
1 2 3 4 9 16 19 29 38 49 54
1 2 5 9 13 16 25 36 46 54 60
1 2 4 6 12 16 24 35 45 59 65
1 2 3 7 11 16 23 34 44 54 60
1 2 5 8 10 16 22 33 43 49 54
1 2 4 9 14 22 28 32 42 54 60
1 2 3 6 8 10 13 15 23 29 32
1 2 5 7 12 16 19 22 31 44 49
1 2 4 8 11 16 25 29 39 49 54
1 2 3 5 10 16 24 28 38 44 49
1 2 5 10 14 22 30 35 46 59 65
1 2 4 7 13 16 22 26 36 44 49
1 2 3 4 7 10 14 17 26 29 32
1 2 5 9 16 22 27 32 43 54 60
1 2 4 6 10 16 19 23 33 39 43
1 2 3 7 9 16 25 30 41 54 60
1 2 5 8 13 16 24 29 40 49 54
1 2 4 9 12 16 23 28 39 44 49
1 2 3 6 11 16 22 27 38 49 54
1 2 5 7 10 16 21 26 37 44 49
1 2 4 8 14 22 27 33 45 59 65
1 2 3 5 8 10 12 16 26 34 38
1 2 5 10 17 22 32 39 52 59 65
1 2 4 7 11 16 24 30 42 54 60
1 2 3 4 5 10 16 21 32 39 43
1 2 5 9 14 22 29 36 49 64 71
1 2 4 6 8 10 14 19 30 39 43
1 2 3 7 12 16 20 26 38 44 49
1 2 5 8 11 16 19 25 37 49 54
1 2 4 9 15 22 32 40 45 54 60
1 2 3 6 9 16 24 31 35 39 43
1 2 5 7 13 16 23 30 34 44 49
1 2 4 8 12 16 22 29 33 39 43
1 2 3 5 11 16 21 28 32 44 49
1 2 5 10 15 22 27 35 40 49 54
1 2 4 7 9 16 19 26 30 34 38
1 2 3 4 8 10 18 25 29 39 43
1 2 5 9 12 16 24 32 37 44 49
1 2 4 6 11 16 23 31 36 49 54
1 2 3 7 10 16 22 30 35 44 49
1 2 5 8 14 22 28 37 43 49 54
1 2 4 9 13 16 20 28 33 44 49
1 2 3 6 12 16 19 27 32 39 43
1 2 5 7 11 16 25 34 40 54 60
1 2 4 8 10 16 24 33 39 49 54
1 2 3 5 9 16 23 32 38 44 49
1 2 5 10 13 16 22 31 37 49 54
1 2 4 7 12 16 21 30 36 44 49
1 2 3 4 6 10 13 21 26 29 32
1 2 5 9 15 22 26 36 43 54 60
1 2 4 6 9 16 25 35 42 49 54
1 2 3 7 13 16 24 34 41 54 60
1 2 5 8 12 16 23 33 40 49 54
1 2 4 9 16 22 29 40 48 54 60
1 2 3 6 10 16 21 31 38 49 54
1 2 5 7 9 16 20 30 37 44 49
1 2 4 8 13 16 19 29 36 49 54
1 2 3 5 7 10 18 28 35 44 49
1 2 5 10 16 22 31 43 52 59 65
1 2 4 7 10 16 23 34 42 54 60
1 2 3 4 9 16 22 33 41 49 54
1 2 5 9 13 16 21 24 31 44 49
1 2 4 6 12 16 20 23 30 39 43
1 2 3 7 11 16 19 22 29 34 38
1 2 5 8 10 16 25 29 37 49 54
1 2 4 9 14 22 31 36 45 54 60
1 2 3 6 8 10 16 19 26 29 32
1 2 5 7 12 16 22 26 34 44 49
1 2 4 8 11 16 21 25 33 39 43
1 2 3 5 10 16 20 24 32 44 49
1 2 5 10 14 22 26 31 40 49 54
1 2 4 7 13 16 25 30 39 44 49
1 2 3 4 7 10 17 21 29 39 43
1 2 5 9 16 22 30 36 46 54 60
1 2 4 6 10 16 22 27 36 49 54
1 2 3 7 9 16 21 26 35 44 49
1 2 5 8 13 16 20 25 34 39 43
1 2 4 9 12 16 19 24 33 44 49
1 2 3 6 11 16 25 31 41 49 54
1 2 5 7 10 16 24 30 40 54 60
1 2 4 8 14 22 30 37 48 59 65
1 2 3 5 8 10 15 20 29 34 38
1 2 5 10 17 22 28 35 46 59 65
1 2 4 7 11 16 20 26 36 44 49
1 2 3 4 5 10 12 17 26 29 32
1 2 5 9 14 22 32 40 52 64 71
1 2 4 6 8 10 17 23 33 39 43
1 2 3 7 12 16 23 30 41 54 60
1 2 5 8 11 16 22 29 40 49 54
1 2 5 9 15 22 27 36 49 64 71
1 2 4 6 9 16 19 27 39 49 54
1 2 3 7 13 16 25 34 47 54 60
1 2 5 8 12 16 24 33 46 59 65
1 2 4 9 16 22 30 40 45 54 60
1 2 3 6 10 16 22 31 35 39 43
1 2 5 7 9 16 21 30 34 44 49
1 2 4 8 13 16 20 29 33 39 43
1 2 3 5 7 10 12 20 23 34 38
1 2 5 10 16 22 32 43 49 59 65
1 2 4 7 10 16 24 34 39 44 49
1 2 3 4 9 16 23 33 38 49 54
1 2 5 9 13 16 22 32 37 44 49
1 2 4 6 12 16 21 31 36 49 54
1 2 3 7 11 16 20 30 35 44 49
1 2 5 8 10 16 19 29 34 39 43
1 2 4 9 14 22 32 44 51 64 71
1 2 3 6 8 10 17 27 32 39 43
1 2 5 7 12 16 23 34 40 54 60
1 2 4 8 11 16 22 33 39 49 54
1 2 3 5 10 16 21 24 29 34 38
1 2 5 10 14 22 27 31 37 49 54
1 2 4 7 13 16 19 22 27 34 38
1 2 3 4 7 10 18 21 26 29 32
1 2 5 9 16 22 31 36 43 54 60
1 2 4 6 10 16 23 27 33 39 43
1 2 3 7 9 16 22 26 32 44 49
1 2 5 8 13 16 21 25 31 39 43
1 2 4 9 12 16 20 24 30 34 38
1 2 3 6 11 16 19 23 29 39 43
1 2 5 7 10 16 25 30 37 44 49
1 2 4 8 14 22 31 37 45 59 65
1 2 3 5 8 10 16 20 26 34 38
1 2 5 10 17 22 29 35 43 49 54
1 2 4 7 11 16 21 26 33 44 49
1 2 3 4 5 10 13 17 23 29 32
1 2 5 9 14 22 26 32 40 54 60
1 2 4 6 8 10 18 23 30 39 43
1 2 3 7 12 16 24 30 38 44 49
1 2 5 8 11 16 23 29 37 49 54
1 2 4 9 15 22 29 36 45 54 60
1 2 3 6 9 16 21 27 35 39 43
1 2 5 7 13 16 20 26 34 44 49
1 2 4 8 12 16 19 25 33 39 43
1 2 3 5 11 16 25 32 41 54 60
1 2 5 10 15 22 31 39 49 59 65
1 2 4 7 9 16 23 30 39 44 49
1 2 3 4 8 10 15 21 29 39 43
1 2 5 9 12 16 21 28 37 44 49
1 2 4 6 11 16 20 27 36 49 54
1 2 3 7 10 16 19 26 35 44 49
1 2 5 8 14 22 32 41 52 59 65
1 2 4 9 13 16 24 32 42 54 60
1 2 3 6 12 16 23 31 41 49 54
1 2 5 7 11 16 22 30 40 54 60
1 2 4 8 10 16 21 29 39 49 54
1 2 3 5 9 16 20 28 38 44 49
1 2 5 10 13 16 19 27 37 49 54
1 2 4 7 12 16 25 34 45 54 60
1 2 3 4 6 10 17 25 35 39 43
1 2 5 9 15 22 30 40 52 64 71
1 2 4 6 9 16 22 31 42 49 54
1 2 3 7 13 16 21 30 41 54 60
1 2 5 8 12 16 20 29 40 49 54
1 2 4 9 16 22 26 36 48 54 60
1 2 3 6 10 16 25 35 47 59 65
1 2 5 7 9 16 24 34 46 54 60
1 2 4 8 13 16 23 33 45 59 65
1 2 3 5 7 10 15 24 35 44 49
1 2 5 10 16 22 28 39 52 59 65
1 2 4 7 10 16 20 30 42 54 60
1 2 3 4 9 16 19 29 41 49 54
1 2 5 9 13 16 25 36 49 64 71
1 2 4 6 12 16 24 35 48 59 65
1 2 3 7 11 16 23 34 47 54 60
1 2 5 8 10 16 22 33 46 59 65
1 2 4 9 14 22 28 32 36 44 49
1 2 3 6 8 10 13 15 17 19 21
1 2 5 7 12 16 19 22 25 34 38
1 2 4 8 11 16 25 29 33 39 43
1 2 3 5 10 16 24 28 32 44 49
1 2 5 10 14 22 30 35 40 49 54
1 2 4 7 13 16 22 26 30 34 38
1 2 3 4 7 10 14 17 20 29 32
1 2 5 9 16 22 27 32 37 44 49
1 2 4 6 10 16 19 23 27 39 43
1 2 3 7 9 16 25 30 35 44 49
1 2 5 8 13 16 24 29 34 39 43
1 2 4 9 12 16 23 28 33 44 49
1 2 3 6 11 16 22 27 32 39 43
1 2 5 7 10 16 21 26 31 44 49
1 2 4 8 14 22 27 33 39 49 54
1 2 3 5 8 10 12 16 20 24 27
1 2 5 10 17 22 32 39 46 59 65
1 2 4 7 11 16 24 30 36 44 49
1 2 3 4 5 10 16 21 26 29 32
1 2 5 9 14 22 29 36 43 54 60
1 2 4 6 8 10 14 19 24 29 32
1 2 3 7 12 16 20 26 32 44 49
1 2 5 8 11 16 19 25 31 39 43
1 2 4 9 15 22 32 40 48 54 60
1 2 3 6 9 16 24 31 38 49 54
1 2 5 7 13 16 23 30 37 44 49
1 2 4 8 12 16 22 29 36 49 54
1 2 3 5 11 16 21 28 35 44 49
1 2 5 10 15 22 27 35 43 49 54
1 2 4 7 9 16 19 26 33 44 49
1 2 3 4 8 10 18 25 32 39 43
1 2 5 9 12 16 24 32 40 54 60
1 2 4 6 11 16 23 31 39 49 54
1 2 3 7 10 16 22 30 38 44 49
1 2 5 8 14 22 28 37 46 59 65
1 2 4 9 13 16 20 28 36 44 49
1 2 3 6 12 16 19 27 35 39 43
1 2 5 7 11 16 25 34 43 54 60
1 2 4 8 10 16 24 33 42 49 54
1 2 3 5 9 16 23 32 41 54 60
1 2 5 10 13 16 22 31 40 49 54
1 2 4 7 12 16 21 30 39 44 49
1 2 3 4 6 10 13 21 29 39 43
1 2 5 9 15 22 26 36 46 54 60
1 2 4 6 9 16 25 35 45 59 65
1 2 3 7 13 16 24 34 44 54 60
1 2 5 8 12 16 23 33 43 49 54
1 2 4 9 16 22 29 40 51 64 71
1 2 3 6 10 16 21 31 41 49 54
1 2 5 7 9 16 20 30 40 54 60
1 2 4 8 13 16 19 29 39 49 54
1 2 3 5 7 10 18 28 38 44 49
1 2 5 10 16 22 31 43 55 69 76
1 2 4 7 10 16 23 34 45 54 60
1 2 3 4 9 16 22 33 44 49 54
1 2 5 9 13 16 21 24 34 44 49
1 2 4 6 12 16 20 23 33 39 43
1 2 3 7 11 16 19 22 32 44 49
1 2 5 8 10 16 25 29 40 49 54
1 2 4 9 14 22 31 36 48 54 60
1 2 3 6 8 10 16 19 29 39 43
1 2 5 7 12 16 22 26 37 44 49
1 2 4 8 11 16 21 25 36 49 54
1 2 3 5 10 16 20 24 35 44 49
1 2 5 10 14 22 26 31 43 49 54
1 2 4 7 13 16 25 30 42 54 60
1 2 3 4 7 10 17 21 32 39 43
1 2 5 9 16 22 30 36 49 64 71
1 2 4 6 10 16 22 27 39 49 54
1 2 3 7 9 16 21 26 38 44 49
1 2 5 8 13 16 20 25 37 49 54
1 2 4 9 12 16 19 24 27 34 38
1 2 3 6 11 16 25 31 35 39 43
1 2 5 7 10 16 24 30 34 44 49
1 2 4 8 14 22 30 37 42 49 54
1 2 3 5 8 10 15 20 23 34 38
1 2 5 10 17 22 28 35 40 49 54
1 2 4 7 11 16 20 26 30 34 38
1 2 3 4 5 10 12 17 20 29 32
1 2 5 9 14 22 32 40 46 54 60
1 2 4 6 8 10 17 23 27 39 43
1 2 3 7 12 16 23 30 35 44 49
1 2 5 8 11 16 22 29 34 39 43
1 2 4 9 15 22 28 36 42 54 60
1 2 3 6 9 16 20 27 32 39 43
1 2 5 7 13 16 19 26 31 44 49
1 2 4 8 12 16 25 33 39 49 54
1 2 3 5 11 16 24 32 38 44 49
1 2 5 10 15 22 30 39 46 59 65
1 2 4 7 9 16 22 30 36 44 49
1 2 3 4 8 10 14 21 26 29 32
1 2 5 9 12 16 20 28 34 44 49
1 2 4 6 11 16 19 27 33 39 43
1 2 3 7 10 16 25 34 41 54 60
1 2 5 8 14 22 31 41 49 59 65
1 2 4 9 13 16 23 32 39 44 49
1 2 3 6 12 16 22 31 38 49 54
1 2 5 7 11 16 21 30 37 44 49
1 2 4 8 10 16 20 29 36 49 54
1 2 3 5 9 16 19 28 35 44 49
1 2 5 10 13 16 25 35 43 49 54
1 2 4 7 12 16 24 34 42 54 60
1 2 3 4 6 10 16 25 32 39 43
1 2 5 9 15 22 29 40 49 64 71
1 2 4 6 9 16 21 31 39 49 54
1 2 3 7 13 16 20 30 38 44 49
1 2 5 8 12 16 19 29 37 49 54
1 2 4 9 16 22 32 44 54 64 71
1 2 3 6 10 16 24 35 44 49 54
1 2 5 7 9 16 23 34 43 54 60
1 2 4 8 13 16 22 33 42 49 54
1 2 3 5 7 10 14 16 23 34 38
1 2 5 10 16 22 27 31 40 49 54
1 2 4 7 10 16 19 22 30 34 38
1 2 3 4 9 16 25 29 38 49 54
1 2 5 9 13 16 24 28 37 44 49
1 2 4 6 12 16 23 27 36 49 54
1 2 3 7 11 16 22 26 35 44 49
1 2 5 8 10 16 21 25 34 39 43
1 2 4 9 14 22 27 32 42 54 60
1 2 3 6 8 10 12 15 23 29 32
1 2 5 7 12 16 25 30 40 54 60
1 2 4 8 11 16 24 29 39 49 54
