1 2 3 7 10 12 19 24 32 36 
1 2 4 6 9 13 18 23 33 37 
1 2 5 9 13 20 24 30 34 38 
1 2 3 4 7 9 16 21 26 29 
1 2 4 7 11 16 22 28 36 40 
1 2 5 10 15 23 28 35 46 52 
1 2 3 5 9 12 20 26 38 43 
1 2 4 8 13 19 26 33 39 44 
1 2 5 7 12 20 25 32 40 45 
1 2 3 6 11 15 24 31 41 46 
1 2 4 9 15 22 30 38 51 57 
1 2 5 8 14 17 22 29 34 38 
1 2 3 7 13 18 21 28 35 39 
1 2 4 6 12 19 27 35 45 50 
1 2 5 9 16 20 26 34 46 52 
1 2 3 4 5 9 11 17 20 23 
1 2 4 7 9 16 24 32 39 44 
1 2 5 10 13 17 23 31 40 45 
1 2 3 5 7 12 15 22 32 36 
1 2 4 8 11 19 28 37 42 47 
1 2 5 7 10 14 20 28 34 38 
1 2 3 6 9 15 19 27 35 39 
1 2 4 9 13 16 25 34 45 50 
1 2 5 8 12 17 24 33 46 52 
1 2 3 7 11 18 23 32 38 43 
1 2 4 6 10 13 22 31 39 44 
1 2 5 9 14 20 28 38 49 55 
1 2 3 4 8 15 20 29 41 46 
1 2 4 7 12 16 19 28 33 37 
1 2 5 10 16 23 32 43 52 58 
1 2 3 5 10 12 17 26 35 39 
1 2 4 8 14 19 23 33 45 50 
1 2 5 7 13 20 29 40 46 52 
1 2 3 6 12 15 21 31 38 43 
1 2 4 9 16 22 27 38 48 54 
1 2 5 8 10 17 26 37 49 55 
1 2 3 7 9 12 18 28 32 36 
1 2 4 6 8 13 17 27 33 37 
1 2 5 9 12 20 30 42 52 58 
1 2 3 4 6 9 15 25 35 39 
1 2 4 7 10 16 21 24 27 30 
1 2 5 10 14 17 20 23 28 32 
1 2 3 5 8 12 19 22 29 33 
1 2 4 8 12 19 25 29 39 44 
1 2 5 7 11 14 17 20 31 35 
1 2 3 6 10 15 23 27 32 36 
1 2 4 9 14 22 29 34 42 47 
1 2 5 8 13 17 21 25 34 38 
1 2 3 7 12 18 27 32 44 49 
1 2 4 6 11 19 26 31 36 40 
1 2 5 9 15 20 25 30 37 42 
1 2 3 4 9 15 24 29 38 43 
1 2 4 7 13 16 23 28 39 44 
1 2 5 10 17 23 29 35 40 45 
1 2 3 5 11 18 21 26 32 36 
1 2 4 8 10 13 20 25 33 37 
1 2 5 7 9 14 19 24 34 38 
1 2 3 6 8 15 18 23 26 29 
1 2 4 9 12 16 24 30 36 40 
1 2 5 8 11 17 23 29 37 42 
1 2 3 7 10 12 15 20 29 33 
1 2 4 6 9 13 21 27 39 44 
1 2 5 9 13 20 27 34 40 45 
1 2 3 4 7 9 12 17 23 26 
1 2 4 7 11 16 25 32 42 47 
1 2 5 10 15 23 31 39 52 58 
1 2 3 5 9 12 16 22 26 29 
1 2 4 8 13 19 29 37 45 50 
1 2 5 7 12 20 28 36 46 52 
1 2 3 6 11 15 20 27 38 43 
1 2 4 9 15 22 26 34 39 44 
1 2 5 8 14 17 25 33 40 45 
1 2 3 7 13 18 24 32 41 46 
1 2 4 6 12 19 23 31 42 47 
1 2 5 9 16 20 29 38 43 48 
1 2 3 4 5 9 14 21 26 29 
1 2 4 7 9 16 20 28 36 40 
1 2 5 10 13 17 26 35 46 52 
1 2 3 5 7 12 18 26 38 43 
1 2 4 8 11 19 24 33 39 44 
1 2 5 7 10 14 23 32 40 45 
1 2 3 6 9 15 22 31 41 46 
1 2 4 9 13 16 21 30 42 47 
1 2 5 8 12 17 20 29 34 38 
1 2 3 7 11 18 26 36 44 49 
1 2 4 6 10 13 18 27 36 40 
1 2 5 9 14 20 24 34 46 52 
1 2 3 4 8 15 23 33 38 43 
1 2 4 7 12 16 22 32 39 44 
1 2 5 10 16 23 28 39 49 55 
1 2 3 5 10 12 20 30 41 46 
1 2 4 8 14 19 26 37 42 47 
1 2 5 7 13 20 25 36 43 48 
1 2 3 6 12 15 24 35 44 49 
1 2 4 9 16 22 30 42 54 60 
1 2 5 8 10 17 22 33 46 52 
1 2 3 7 9 12 14 16 20 23 
1 2 4 6 8 13 20 23 30 34 
1 2 5 9 12 20 26 30 40 45 
1 2 3 4 6 9 11 13 23 26 
1 2 4 7 10 16 24 28 33 37 
1 2 5 10 14 17 23 27 34 38 
1 2 3 5 8 12 15 18 26 29 
1 2 4 8 12 19 28 33 45 50 
1 2 5 7 11 14 20 24 28 32 
1 2 3 6 10 15 19 23 29 33 
1 2 4 9 14 22 32 38 48 54 
1 2 5 8 13 17 24 29 40 45 
1 2 3 7 12 18 23 28 32 36 
1 2 4 6 11 19 29 35 42 47 
1 2 5 9 15 20 28 34 43 48 
1 2 3 4 9 15 20 25 35 39 
1 2 4 7 13 16 19 24 27 30 
1 2 5 10 17 23 32 39 46 52 
1 2 3 5 11 18 24 30 38 43 
1 2 4 8 10 13 16 21 30 34 
1 2 5 7 9 14 22 28 40 45 
1 2 3 6 8 15 21 27 32 36 
1 2 4 9 12 16 20 26 33 37 
1 2 5 8 11 17 26 33 43 48 
1 2 3 7 10 12 18 24 35 39 
1 2 4 6 9 13 17 23 27 30 
1 2 5 9 13 20 30 38 46 52 
1 2 3 4 7 9 15 21 29 33 
1 2 4 7 11 16 21 28 39 44 
1 2 5 10 15 23 27 35 40 45 
1 2 3 5 9 12 19 26 32 36 
1 2 4 8 13 19 25 33 42 47 
1 2 5 7 12 20 24 32 43 48 
1 2 3 6 11 15 23 31 35 39 
1 2 4 9 15 22 29 38 45 50 
1 2 5 8 14 17 21 29 37 42 
1 2 3 7 13 18 27 36 47 53 
1 2 4 6 12 19 26 35 48 54 
1 2 5 9 16 20 25 34 40 45 
1 2 3 4 5 9 17 25 32 36 
1 2 4 7 9 16 23 32 42 47 
1 2 5 10 13 17 22 31 43 48 
1 2 3 5 7 12 14 22 26 29 
1 2 4 8 11 19 27 37 45 50 
1 2 5 7 10 14 19 28 37 42 
1 2 3 6 9 15 18 27 38 43 
1 2 4 9 13 16 24 34 39 44 
1 2 5 8 12 17 23 33 40 45 
1 2 3 7 11 18 22 32 41 46 
1 2 4 6 10 13 21 31 42 47 
1 2 5 9 14 20 27 38 43 48 
1 2 3 4 8 15 19 29 35 39 
1 2 4 7 12 16 25 36 45 50 
1 2 5 10 16 23 31 43 55 62 
1 2 3 5 10 12 16 26 38 43 
1 2 4 8 14 19 29 41 48 54 
1 2 5 7 13 20 28 32 40 45 
1 2 3 6 12 15 20 23 32 36 
1 2 4 9 16 22 26 30 42 47 
1 2 5 8 10 17 25 29 34 38 
1 2 3 7 9 12 17 20 26 29 
1 2 4 6 8 13 16 19 27 30 
1 2 5 9 12 20 29 34 46 52 
1 2 3 4 6 9 14 17 20 23 
1 2 4 7 10 16 20 24 30 34 
1 2 5 10 14 17 26 31 40 45 
1 2 3 5 8 12 18 22 32 36 
1 2 4 8 12 19 24 29 33 37 
1 2 5 7 11 14 23 28 34 38 
1 2 3 6 10 15 22 27 35 39 
1 2 4 9 14 22 28 34 45 50 
1 2 5 8 13 17 20 25 37 42 
1 2 3 7 12 18 26 32 38 43 
1 2 4 6 11 19 25 31 39 44 
1 2 5 9 15 20 24 30 40 45 
1 2 3 4 9 15 23 29 41 46 
1 2 4 7 13 16 22 28 33 37 
1 2 5 10 17 23 28 35 43 48 
1 2 3 5 11 18 27 34 44 49 
1 2 4 8 10 13 19 25 36 40 
1 2 5 7 9 14 18 24 28 32 
1 2 3 6 8 15 24 31 38 43 
1 2 4 9 12 16 23 30 39 44 
1 2 5 8 11 17 22 29 40 45 
1 2 3 7 10 12 14 20 23 26 
1 2 4 6 9 13 20 27 33 37 
1 2 5 9 13 20 26 34 43 48 
1 2 3 4 7 9 11 17 26 29 
1 2 4 7 11 16 24 32 36 40 
1 2 5 10 15 23 30 39 46 52 
1 2 3 5 9 12 15 22 29 33 
1 2 4 8 13 19 28 37 48 54 
1 2 5 7 12 20 27 36 49 55 
1 2 3 6 11 15 19 27 32 36 
1 2 4 9 15 22 32 42 51 57 
1 2 5 8 14 17 24 33 43 48 
1 2 3 7 13 18 23 32 44 49 
1 2 4 6 12 19 29 39 45 50 
1 2 5 9 16 20 28 38 46 52 
1 2 3 4 5 9 13 21 29 33 
1 2 4 7 9 16 19 28 39 44 
1 2 5 10 13 17 25 35 40 45 
1 2 3 5 7 12 17 26 32 36 
1 2 4 8 11 19 23 33 42 47 
1 2 5 7 10 14 22 32 43 48 
1 2 3 6 9 15 21 31 35 39 
1 2 4 9 13 16 20 30 36 40 
1 2 5 8 12 17 26 37 46 52 
1 2 3 7 11 18 25 36 47 53 
1 2 4 6 10 13 17 27 39 44 
1 2 5 9 14 20 30 42 49 55 
1 2 3 4 8 15 22 33 41 46 
1 2 4 7 12 16 21 24 33 37 
1 2 5 10 16 23 27 31 43 48 
1 2 3 5 10 12 19 22 26 29 
1 2 4 8 14 19 25 29 36 40 
1 2 5 7 13 20 24 28 37 42 
1 2 3 6 12 15 23 27 38 43 
1 2 4 9 16 22 29 34 39 44 
1 2 5 8 10 17 21 25 31 35 
1 2 3 7 9 12 20 24 32 36 
1 2 4 6 8 13 19 23 33 37 
1 2 5 9 12 20 25 30 34 38 
1 2 3 4 6 9 17 21 26 29 
1 2 4 7 10 16 23 28 36 40 
1 2 5 10 14 17 22 27 37 42 
1 2 3 5 8 12 14 18 29 33 
1 2 4 8 12 19 27 33 39 44 
1 2 5 7 11 14 19 24 31 35 
1 2 3 6 10 15 18 23 32 36 
1 2 4 9 14 22 31 38 51 57 
1 2 5 8 13 17 23 29 34 38 
1 2 3 7 12 18 22 28 35 39 
1 2 4 6 11 19 28 35 45 50 
1 2 5 9 15 20 27 34 46 52 
1 2 3 4 9 15 19 25 29 33 
1 2 4 7 13 16 25 32 39 44 
1 2 5 10 17 23 31 39 49 55 
1 2 3 5 11 18 23 30 41 46 
1 2 4 8 10 13 22 29 33 37 
1 2 5 7 9 14 21 28 34 38 
1 2 3 6 8 15 20 27 35 39 
1 2 4 9 12 16 19 26 36 40 
1 2 5 8 11 17 25 33 46 52 
1 2 3 7 10 12 17 24 29 33 
1 2 4 6 9 13 16 23 30 34 
1 2 5 9 13 20 29 38 49 55 
1 2 3 4 7 9 14 21 32 36 
1 2 4 7 11 16 20 28 33 37 
1 2 5 10 15 23 33 43 52 58 
1 2 3 5 9 12 18 26 35 39 
1 2 4 8 13 19 24 33 45 50 
1 2 5 7 12 20 30 40 46 52 
1 2 3 6 11 15 22 31 38 43 
1 2 4 9 15 22 28 38 48 54 
1 2 5 8 14 17 20 29 40 45 
1 2 3 7 13 18 26 36 41 46 
1 2 4 6 12 19 25 35 42 47 
1 2 5 9 16 20 24 34 43 48 
1 2 3 4 5 9 16 25 35 39 
1 2 4 7 9 16 22 32 36 40 
1 2 5 10 13 17 21 31 37 42 
1 2 3 5 7 12 20 30 38 43 
1 2 4 8 11 19 26 37 48 54 
1 2 5 7 10 14 18 28 40 45 
1 2 3 6 9 15 24 35 41 46 
1 2 4 9 13 16 23 34 42 47 
1 2 5 8 12 17 22 33 43 48 
1 2 3 7 11 18 21 24 35 39 
1 2 4 6 10 13 20 23 27 30 
1 2 5 9 14 20 26 30 37 42 
1 2 3 4 8 15 18 21 29 33 
1 2 4 7 12 16 24 28 39 44 
1 2 5 10 16 23 30 35 40 45 
1 2 3 5 10 12 15 18 23 26 
1 2 4 8 14 19 28 33 42 47 
1 2 5 7 13 20 27 32 43 48 
1 2 3 6 12 15 19 23 26 29 
1 2 4 9 16 22 32 38 45 50 
1 2 5 8 10 17 24 29 37 42 
1 2 3 7 9 12 16 20 29 33 
1 2 4 6 8 13 22 27 39 44 
1 2 5 9 12 20 28 34 40 45 
1 2 3 4 6 9 13 17 23 26 
1 2 4 7 10 16 19 24 33 37 
1 2 5 10 14 17 25 31 43 48 
1 2 3 5 8 12 17 22 26 29 
1 2 4 8 12 19 23 29 36 40 
1 2 5 7 11 14 22 28 37 42 
1 2 3 6 10 15 21 27 38 43 
1 2 4 9 14 22 27 34 39 44 
1 2 5 8 13 17 26 33 40 45 
1 2 3 7 12 18 25 32 41 46 
1 2 4 6 11 19 24 31 42 47 
1 2 5 9 15 20 30 38 43 48 
1 2 3 4 9 15 22 29 35 39 
1 2 4 7 13 16 21 28 36 40 
1 2 5 10 17 23 27 35 46 52 
1 2 3 5 11 18 26 34 47 53 
1 2 4 8 10 13 18 25 30 34 
1 2 5 7 9 14 17 24 31 35 
1 2 3 6 8 15 23 31 41 46 
1 2 4 9 12 16 22 30 42 47 
1 2 5 8 11 17 21 29 34 38 
1 2 3 7 10 12 20 28 35 39 
1 2 4 6 9 13 19 27 36 40 
1 2 5 9 13 20 25 34 46 52 
1 2 3 4 7 9 17 25 29 33 
1 2 4 7 11 16 23 32 39 44 
1 2 5 10 15 23 29 39 49 55 
1 2 3 5 9 12 14 22 32 36 
1 2 4 8 13 19 27 37 42 47 
1 2 5 7 12 20 26 36 43 48 
1 2 3 6 11 15 18 27 35 39 
1 2 4 9 15 22 31 42 54 60 
1 2 5 8 14 17 23 33 46 52 
1 2 3 7 13 18 22 32 38 43 
1 2 4 6 12 19 28 39 48 54 
1 2 5 9 16 20 27 38 49 55 
1 2 3 4 5 9 12 21 32 36 
1 2 4 7 9 16 25 36 42 47 
1 2 5 10 13 17 24 35 43 48 
1 2 3 5 7 12 16 26 35 39 
1 2 4 8 11 19 29 41 54 60 
1 2 5 7 10 14 21 24 28 32 
1 2 3 6 9 15 20 23 29 33 
1 2 4 9 13 16 19 22 30 34 
1 2 5 8 12 17 25 29 40 45 
1 2 3 7 11 18 24 28 32 36 
1 2 4 6 10 13 16 19 24 27 
1 2 5 9 14 20 29 34 43 48 
1 2 3 4 8 15 21 25 35 39 
1 2 4 7 12 16 20 24 27 30 
1 2 5 10 16 23 33 39 46 52 
1 2 3 5 10 12 18 22 29 33 
1 2 4 8 14 19 24 29 39 44 
1 2 5 7 13 20 30 36 49 55 
1 2 3 6 12 15 22 27 32 36 
1 2 4 9 16 22 28 34 42 47 
1 2 5 8 10 17 20 25 34 38 
1 2 3 7 9 12 19 24 35 39 
1 2 4 6 8 13 18 23 27 30 
1 2 5 9 12 20 24 30 37 42 
1 2 3 4 6 9 16 21 29 33 
1 2 4 7 10 16 22 28 39 44 
1 2 5 10 14 17 21 27 31 35 
1 2 3 5 8 12 20 26 32 36 
1 2 4 8 12 19 26 33 42 47 
1 2 5 7 11 14 18 24 34 38 
1 2 3 6 10 15 24 31 35 39 
1 2 4 9 14 22 30 38 45 50 
1 2 5 8 13 17 22 29 37 42 
1 2 3 7 12 18 21 28 38 43 
1 2 4 6 11 19 27 35 48 54 
1 2 5 9 15 20 26 34 40 45 
1 2 3 4 9 15 18 25 32 36 
1 2 4 7 13 16 24 32 42 47 
1 2 5 10 17 23 30 39 52 58 
1 2 3 5 11 18 22 30 35 39 
1 2 4 8 10 13 21 29 36 40 
1 2 5 7 9 14 20 28 37 42 
1 2 3 6 8 15 19 27 38 43 
1 2 4 9 12 16 25 34 39 44 
1 2 5 8 11 17 24 33 40 45 
1 2 3 7 10 12 16 24 32 36 
1 2 4 6 9 13 22 31 42 47 
1 2 5 9 13 20 28 38 43 48 
1 2 3 4 7 9 13 21 26 29 
1 2 4 7 11 16 19 28 36 40 
1 2 5 10 15 23 32 43 55 62 
1 2 3 5 9 12 17 26 38 43 
1 2 4 8 13 19 23 33 39 44 
1 2 5 7 12 20 29 40 49 55 
1 2 3 6 11 15 21 31 41 46 
1 2 4 9 15 22 27 38 51 57 
1 2 5 8 14 17 26 37 43 48 
1 2 3 7 13 18 25 36 44 49 
1 2 4 6 12 19 24 35 45 50 
1 2 5 9 16 20 30 42 55 62 
1 2 3 4 5 9 15 25 29 33 
1 2 4 7 9 16 21 24 30 34 
1 2 5 10 13 17 20 23 31 35 
1 2 3 5 7 12 19 22 32 36 
1 2 4 8 11 19 25 29 33 37 
1 2 5 7 10 14 17 20 25 28 
1 2 3 6 9 15 23 27 35 39 
1 2 4 9 13 16 22 26 36 40 
1 2 5 8 12 17 21 25 37 42 
1 2 3 7 11 18 27 32 38 43 
1 2 4 6 10 13 19 23 30 34 
1 2 5 9 14 20 25 30 40 45 
1 2 3 4 8 15 24 29 41 46 
1 2 4 7 12 16 23 28 33 37 
1 2 5 10 16 23 29 35 43 48 
1 2 3 5 10 12 14 18 26 29 
1 2 4 8 14 19 27 33 45 50 
1 2 5 7 13 20 26 32 37 42 
1 2 3 6 12 15 18 23 29 33 
1 2 4 9 16 22 31 38 48 54 
1 2 5 8 10 17 23 29 40 45 
1 2 3 7 9 12 15 20 23 26 
1 2 4 6 8 13 21 27 33 37 
1 2 5 9 12 20 27 34 43 48 
1 2 3 4 6 9 12 17 26 29 
1 2 4 7 10 16 25 32 36 40 
1 2 5 10 14 17 24 31 37 42 
1 2 3 5 8 12 16 22 29 33 
1 2 4 8 12 19 29 37 48 54 
1 2 5 7 11 14 21 28 40 45 
1 2 3 6 10 15 20 27 32 36 
1 2 4 9 14 22 26 34 42 47 
1 2 5 8 13 17 25 33 43 48 
1 2 3 7 12 18 24 32 44 49 
1 2 4 6 11 19 23 31 36 40 
1 2 5 9 15 20 29 38 46 52 
1 2 3 4 9 15 21 29 38 43 
1 2 4 7 13 16 20 28 39 44 
1 2 5 10 17 23 33 43 49 55 
1 2 3 5 11 18 25 34 41 46 
1 2 4 8 10 13 17 25 33 37 
1 2 5 7 9 14 23 32 43 48 
1 2 3 6 8 15 22 31 35 39 
1 2 4 9 12 16 21 30 36 40 
1 2 5 8 11 17 20 29 37 42 
1 2 3 7 10 12 19 28 38 43 
1 2 4 6 9 13 18 27 39 44 
1 2 5 9 13 20 24 34 40 45 
1 2 3 4 7 9 16 25 32 36 
1 2 4 7 11 16 22 32 42 47 
1 2 5 10 15 23 28 39 52 58 
1 2 3 5 9 12 20 30 35 39 
1 2 4 8 13 19 26 37 45 50 
1 2 5 7 12 20 25 36 46 52 
1 2 3 6 11 15 24 35 47 53 
1 2 4 9 15 22 30 42 48 54 
1 2 5 8 14 17 22 33 40 45 
1 2 3 7 13 18 21 24 32 36 
1 2 4 6 12 19 27 31 42 47 
1 2 5 9 16 20 26 30 34 38 
1 2 3 4 5 9 11 13 17 19 
1 2 4 7 9 16 24 28 36 40 
1 2 5 10 13 17 23 27 37 42 
1 2 3 5 7 12 15 18 29 33 
1 2 4 8 11 19 28 33 39 44 
1 2 5 7 10 14 20 24 31 35 
1 2 3 6 9 15 19 23 32 36 
1 2 4 9 13 16 25 30 42 47 
1 2 5 8 12 17 24 29 34 38 
1 2 3 7 11 18 23 28 35 39 
1 2 4 6 10 13 22 27 36 40 
1 2 5 9 14 20 28 34 46 52 
1 2 3 4 8 15 20 25 29 33 
1 2 4 7 12 16 19 24 30 34 
1 2 5 10 16 23 32 39 49 55 
1 2 3 5 10 12 17 22 32 36 
1 2 4 8 14 19 23 29 33 37 
1 2 5 7 13 20 29 36 43 48 
1 2 3 6 12 15 21 27 35 39 
1 2 4 9 16 22 27 34 45 50 
1 2 5 8 10 17 26 33 46 52 
1 2 3 7 9 12 18 24 29 33 
1 2 4 6 8 13 17 23 30 34 
1 2 5 9 12 20 30 38 49 55 
1 2 3 4 6 9 15 21 32 36 
1 2 4 7 10 16 21 28 33 37 
1 2 5 10 14 17 20 27 34 38 
1 2 3 5 8 12 19 26 35 39 
1 2 4 8 12 19 25 33 45 50 
1 2 5 7 11 14 17 24 28 32 
1 2 3 6 10 15 23 31 38 43 
1 2 4 9 14 22 29 38 48 54 
1 2 5 8 13 17 21 29 40 45 
1 2 3 7 12 18 27 36 41 46 
1 2 4 6 11 19 26 35 42 47 
1 2 5 9 15 20 25 34 43 48 
1 2 3 4 9 15 24 33 44 49 
1 2 4 7 13 16 23 32 36 40 
1 2 5 10 17 23 29 39 46 52 
1 2 3 5 11 18 21 30 38 43 
1 2 4 8 10 13 20 29 39 44 
1 2 5 7 9 14 19 28 40 45 
1 2 3 6 8 15 18 27 32 36 
1 2 4 9 12 16 24 34 42 47 
1 2 5 8 11 17 23 33 43 48 
1 2 3 7 10 12 15 24 35 39 
1 2 4 6 9 13 21 31 36 40 
1 2 5 9 13 20 27 38 46 52 
1 2 3 4 7 9 12 21 29 33 
1 2 4 7 11 16 25 36 48 54 
1 2 5 10 15 23 31 43 49 55 
1 2 3 5 9 12 16 26 32 36 
1 2 4 8 13 19 29 41 51 57 
1 2 5 7 12 20 28 32 43 48 
1 2 3 6 11 15 20 23 26 29 
1 2 4 9 15 22 26 30 36 40 
1 2 5 8 14 17 25 29 37 42 
1 2 3 7 13 18 24 28 38 43 
1 2 4 6 12 19 23 27 39 44 
1 2 5 9 16 20 29 34 40 45 
1 2 3 4 5 9 14 17 23 26 
1 2 4 7 9 16 20 24 33 37 
1 2 5 10 13 17 26 31 43 48 
1 2 3 5 7 12 18 22 26 29 
1 2 4 8 11 19 24 29 36 40 
1 2 5 7 10 14 23 28 37 42 
1 2 3 6 9 15 22 27 38 43 
1 2 4 9 13 16 21 26 30 34 
1 2 5 8 12 17 20 25 31 35 
1 2 3 7 11 18 26 32 41 46 
1 2 4 6 10 13 18 23 33 37 
1 2 5 9 14 20 24 30 34 38 
1 2 3 4 8 15 23 29 35 39 
1 2 4 7 12 16 22 28 36 40 
1 2 5 10 16 23 28 35 46 52 
1 2 3 5 10 12 20 26 38 43 
1 2 4 8 14 19 26 33 39 44 
1 2 5 7 13 20 25 32 40 45 
1 2 3 6 12 15 24 31 41 46 
1 2 4 9 16 22 30 38 51 57 
1 2 5 8 10 17 22 29 34 38 
1 2 3 7 9 12 14 20 26 29 
1 2 4 6 8 13 20 27 36 40 
1 2 5 9 12 20 26 34 46 52 
1 2 3 4 6 9 11 17 20 23 
1 2 4 7 10 16 24 32 39 44 
1 2 5 10 14 17 23 31 40 45 
1 2 3 5 8 12 15 22 32 36 
1 2 4 8 12 19 28 37 42 47 
1 2 5 7 11 14 20 28 34 38 
1 2 3 6 10 15 19 27 35 39 
1 2 4 9 14 22 32 42 54 60 
1 2 5 8 13 17 24 33 46 52 
1 2 3 7 12 18 23 32 38 43 
1 2 4 6 11 19 29 39 48 54 
1 2 5 9 15 20 28 38 49 55 
1 2 3 4 9 15 20 29 41 46 
1 2 4 7 13 16 19 28 33 37 
1 2 5 10 17 23 32 43 52 58 
1 2 3 5 11 18 24 34 44 49 
1 2 4 8 10 13 16 25 36 40 
1 2 5 7 9 14 22 32 37 42 
1 2 3 6 8 15 21 31 38 43 
1 2 4 9 12 16 20 30 39 44 
1 2 5 8 11 17 26 37 49 55 
1 2 3 7 10 12 18 28 32 36 
1 2 4 6 9 13 17 27 33 37 
1 2 5 9 13 20 30 42 52 58 
1 2 3 4 7 9 15 25 35 39 
1 2 4 7 11 16 21 24 27 30 
1 2 5 10 15 23 27 31 37 42 
1 2 3 5 9 12 19 22 29 33 
1 2 4 8 13 19 25 29 39 44 
1 2 5 7 12 20 24 28 40 45 
1 2 3 6 11 15 23 27 32 36 
1 2 4 9 15 22 29 34 42 47 
1 2 5 8 14 17 21 25 34 38 
1 2 3 7 13 18 27 32 44 49 
1 2 4 6 12 19 26 31 36 40 
1 2 5 9 16 20 25 30 37 42 
1 2 3 4 5 9 17 21 29 33 
1 2 4 7 9 16 23 28 39 44 
1 2 5 10 13 17 22 27 31 35 
1 2 3 5 7 12 14 18 23 26 
1 2 4 8 11 19 27 33 42 47 
1 2 5 7 10 14 19 24 34 38 
1 2 3 6 9 15 18 23 26 29 
1 2 4 9 13 16 24 30 36 40 
1 2 5 8 12 17 23 29 37 42 
1 2 3 7 11 18 22 28 38 43 
1 2 4 6 10 13 21 27 39 44 
1 2 5 9 14 20 27 34 40 45 
1 2 3 4 8 15 19 25 32 36 
1 2 4 7 12 16 25 32 42 47 
1 2 5 10 16 23 31 39 52 58 
1 2 3 5 10 12 16 22 26 29 
1 2 4 8 14 19 29 37 45 50 
1 2 5 7 13 20 28 36 46 52 
1 2 3 6 12 15 20 27 38 43 
1 2 4 9 16 22 26 34 39 44 
1 2 5 8 10 17 25 33 40 45 
1 2 3 7 9 12 17 24 32 36 
1 2 4 6 8 13 16 23 33 37 
1 2 5 9 12 20 29 38 43 48 
1 2 3 4 6 9 14 21 26 29 
1 2 4 7 10 16 20 28 36 40 
1 2 5 10 14 17 26 35 46 52 
1 2 3 5 8 12 18 26 38 43 
1 2 4 8 12 19 24 33 39 44 
1 2 5 7 11 14 23 32 40 45 
1 2 3 6 10 15 22 31 41 46 
1 2 4 9 14 22 28 38 51 57 
1 2 5 8 13 17 20 29 34 38 
1 2 3 7 12 18 26 36 44 49 
1 2 4 6 11 19 25 35 45 50 
1 2 5 9 15 20 24 34 46 52 
1 2 3 4 9 15 23 33 38 43 
1 2 4 7 13 16 22 32 39 44 
1 2 5 10 17 23 28 39 49 55 
1 2 3 5 11 18 27 38 50 56 
1 2 4 8 10 13 19 29 33 37 
1 2 5 7 9 14 18 28 34 38 
1 2 3 6 8 15 24 35 44 49 
1 2 4 9 12 16 23 34 45 50 
1 2 5 8 11 17 22 33 46 52 
1 2 3 7 10 12 14 16 20 23 
1 2 4 6 9 13 20 23 30 34 
1 2 5 9 13 20 26 30 40 45 
1 2 3 4 7 9 11 13 23 26 
1 2 4 7 11 16 24 28 33 37 
1 2 5 10 15 23 30 35 43 48 
1 2 3 5 9 12 15 18 26 29 
1 2 4 8 13 19 28 33 45 50 
1 2 5 7 12 20 27 32 37 42 
1 2 3 6 11 15 19 23 29 33 
1 2 4 9 15 22 32 38 48 54 
1 2 5 8 14 17 24 29 40 45 
1 2 3 7 13 18 23 28 32 36 
1 2 4 6 12 19 29 35 42 47 
1 2 5 9 16 20 28 34 43 48 
1 2 3 4 5 9 13 17 26 29 
1 2 4 7 9 16 19 24 27 30 
1 2 5 10 13 17 25 31 37 42 
1 2 3 5 7 12 17 22 29 33 
1 2 4 8 11 19 23 29 39 44 
1 2 5 7 10 14 22 28 40 45 
1 2 3 6 9 15 21 27 32 36 
1 2 4 9 13 16 20 26 33 37 
1 2 5 8 12 17 26 33 43 48 
1 2 3 7 11 18 25 32 44 49 
1 2 4 6 10 13 17 23 27 30 
1 2 5 9 14 20 30 38 46 52 
1 2 3 4 8 15 22 29 38 43 
1 2 4 7 12 16 21 28 39 44 
1 2 5 10 16 23 27 35 40 45 
1 2 3 5 10 12 19 26 32 36 
1 2 4 8 14 19 25 33 42 47 
1 2 5 7 13 20 24 32 43 48 
1 2 3 6 12 15 23 31 35 39 
1 2 4 9 16 22 29 38 45 50 
1 2 5 8 10 17 21 29 37 42 
1 2 3 7 9 12 20 28 38 43 
1 2 4 6 8 13 19 27 39 44 
1 2 5 9 12 20 25 34 40 45 
1 2 3 4 6 9 17 25 32 36 
1 2 4 7 10 16 23 32 42 47 
1 2 5 10 14 17 22 31 43 48 
1 2 3 5 8 12 14 22 26 29 
1 2 4 8 12 19 27 37 45 50 
1 2 5 7 11 14 19 28 37 42 
1 2 3 6 10 15 18 27 38 43 
1 2 4 9 14 22 31 42 48 54 
1 2 5 8 13 17 23 33 40 45 
1 2 3 7 12 18 22 32 41 46 
1 2 4 6 11 19 28 39 51 57 
1 2 5 9 15 20 27 38 43 48 
1 2 3 4 9 15 19 29 35 39 
1 2 4 7 13 16 25 36 45 50 
1 2 5 10 17 23 31 43 55 62 
1 2 3 5 11 18 23 34 47 53 
1 2 4 8 10 13 22 33 39 44 
1 2 5 7 9 14 21 24 31 35 
1 2 3 6 8 15 20 23 32 36 
1 2 4 9 12 16 19 22 33 37 
1 2 5 8 11 17 25 29 34 38 
1 2 3 7 10 12 17 20 26 29 
1 2 4 6 9 13 16 19 27 30 
1 2 5 9 13 20 29 34 46 52 
1 2 3 4 7 9 14 17 20 23 
1 2 4 7 11 16 20 24 30 34 
1 2 5 10 15 23 33 39 49 55 
1 2 3 5 9 12 18 22 32 36 
1 2 4 8 13 19 24 29 33 37 
1 2 5 7 12 20 30 36 43 48 
1 2 3 6 11 15 22 27 35 39 
1 2 4 9 15 22 28 34 45 50 
1 2 5 8 14 17 20 25 37 42 
1 2 3 7 13 18 26 32 38 43 
1 2 4 6 12 19 25 31 39 44 
1 2 5 9 16 20 24 30 40 45 
1 2 3 4 5 9 16 21 32 36 
1 2 4 7 9 16 22 28 33 37 
1 2 5 10 13 17 21 27 34 38 
1 2 3 5 7 12 20 26 35 39 
1 2 4 8 11 19 26 33 45 50 
1 2 5 7 10 14 18 24 28 32 
1 2 3 6 9 15 24 31 38 43 
1 2 4 9 13 16 23 30 39 44 
1 2 5 8 12 17 22 29 40 45 
1 2 3 7 11 18 21 28 32 36 
1 2 4 6 10 13 20 27 33 37 
1 2 5 9 14 20 26 34 43 48 
1 2 3 4 8 15 18 25 35 39 
1 2 4 7 12 16 24 32 36 40 
1 2 5 10 16 23 30 39 46 52 
1 2 3 5 10 12 15 22 29 33 
1 2 4 8 14 19 28 37 48 54 
1 2 5 7 13 20 27 36 49 55 
1 2 3 6 12 15 19 27 32 36 
1 2 4 9 16 22 32 42 51 57 
1 2 5 8 10 17 24 33 43 48 
1 2 3 7 9 12 16 24 35 39 
1 2 4 6 8 13 22 31 36 40 
1 2 5 9 12 20 28 38 46 52 
1 2 3 4 6 9 13 21 29 33 
1 2 4 7 10 16 19 28 39 44 
1 2 5 10 14 17 25 35 40 45 
1 2 3 5 8 12 17 26 32 36 
1 2 4 8 12 19 23 33 42 47 
1 2 5 7 11 14 22 32 43 48 
1 2 3 6 10 15 21 31 35 39 
1 2 4 9 14 22 27 38 45 50 
1 2 5 8 13 17 26 37 46 52 
1 2 3 7 12 18 25 36 47 53 
1 2 4 6 11 19 24 35 48 54 
1 2 5 9 15 20 30 42 49 55 
1 2 3 4 9 15 22 33 41 46 
1 2 4 7 13 16 21 24 33 37 
1 2 5 10 17 23 27 31 43 48 
1 2 3 5 11 18 26 30 35 39 
1 2 4 8 10 13 18 21 27 30 
1 2 5 7 9 14 17 20 28 32 
1 2 3 6 8 15 23 27 38 43 
1 2 4 9 12 16 22 26 30 34 
1 2 5 8 11 17 21 25 31 35 
1 2 3 7 10 12 20 24 32 36 
1 2 4 6 9 13 19 23 33 37 
1 2 5 9 13 20 25 30 34 38 
1 2 3 4 7 9 17 21 26 29 
1 2 4 7 11 16 23 28 36 40 
1 2 5 10 15 23 29 35 46 52 
1 2 3 5 9 12 14 18 29 33 
1 2 4 8 13 19 27 33 39 44 
1 2 5 7 12 20 26 32 40 45 
1 2 3 6 11 15 18 23 32 36 
1 2 4 9 15 22 31 38 51 57 
1 2 5 8 14 17 23 29 34 38 
1 2 3 7 13 18 22 28 35 39 
1 2 4 6 12 19 28 35 45 50 
1 2 5 9 16 20 27 34 46 52 
1 2 3 4 5 9 12 17 20 23 
1 2 4 7 9 16 25 32 39 44 
1 2 5 10 13 17 24 31 40 45 
1 2 3 5 7 12 16 22 32 36 
1 2 4 8 11 19 29 37 42 47 
1 2 5 7 10 14 21 28 34 38 
1 2 3 6 9 15 20 27 35 39 
1 2 4 9 13 16 19 26 36 40 
1 2 5 8 12 17 25 33 46 52 
1 2 3 7 11 18 24 32 38 43 
1 2 4 6 10 13 16 23 30 34 
1 2 5 9 14 20 29 38 49 55 
1 2 3 4 8 15 21 29 41 46 
1 2 4 7 12 16 20 28 33 37 
1 2 5 10 16 23 33 43 52 58 
1 2 3 5 10 12 18 26 35 39 
1 2 4 8 14 19 24 33 45 50 
1 2 5 7 13 20 30 40 46 52 
1 2 3 6 12 15 22 31 38 43 
1 2 4 9 16 22 28 38 48 54 
1 2 5 8 10 17 20 29 40 45 
1 2 3 7 9 12 19 28 32 36 
1 2 4 6 8 13 18 27 33 37 
1 2 5 9 12 20 24 34 43 48 
1 2 3 4 6 9 16 25 35 39 
1 2 4 7 10 16 22 32 36 40 
1 2 5 10 14 17 21 31 37 42 
1 2 3 5 8 12 20 30 38 43 
1 2 4 8 12 19 26 37 48 54 
1 2 5 7 11 14 18 28 40 45 
1 2 3 6 10 15 24 35 41 46 
1 2 4 9 14 22 30 42 51 57 
1 2 5 8 13 17 22 33 43 48 
1 2 3 7 12 18 21 24 35 39 
1 2 4 6 11 19 27 31 36 40 
1 2 5 9 15 20 26 30 37 42 
1 2 3 4 9 15 18 21 29 33 
1 2 4 7 13 16 24 28 39 44 
1 2 5 10 17 23 30 35 40 45 
1 2 3 5 11 18 22 26 32 36 
1 2 4 8 10 13 21 25 33 37 
1 2 5 7 9 14 20 24 34 38 
1 2 3 6 8 15 19 23 26 29 
1 2 4 9 12 16 25 30 36 40 
1 2 5 8 11 17 24 29 37 42 
1 2 3 7 10 12 16 20 29 33 
1 2 4 6 9 13 22 27 39 44 
1 2 5 9 13 20 28 34 40 45 
1 2 3 4 7 9 13 17 23 26 
1 2 4 7 11 16 19 24 33 37 
1 2 5 10 15 23 32 39 52 58 
1 2 3 5 9 12 17 22 26 29 
1 2 4 8 13 19 23 29 36 40 
1 2 5 7 12 20 29 36 46 52 
1 2 3 6 11 15 21 27 38 43 
1 2 4 9 15 22 27 34 39 44 
1 2 5 8 14 17 26 33 40 45 
1 2 3 7 13 18 25 32 41 46 
1 2 4 6 12 19 24 31 42 47 
1 2 5 9 16 20 30 38 43 48 
1 2 3 4 5 9 15 21 26 29 
1 2 4 7 9 16 21 28 36 40 
1 2 5 10 13 17 20 27 37 42 
1 2 3 5 7 12 19 26 38 43 
1 2 4 8 11 19 25 33 39 44 
1 2 5 7 10 14 17 24 31 35 
1 2 3 6 9 15 23 31 41 46 
1 2 4 9 13 16 22 30 42 47 
1 2 5 8 12 17 21 29 34 38 
1 2 3 7 11 18 27 36 44 49 
1 2 4 6 10 13 19 27 36 40 
1 2 5 9 14 20 25 34 46 52 
1 2 3 4 8 15 24 33 38 43 
1 2 4 7 12 16 23 32 39 44 
1 2 5 10 16 23 29 39 49 55 
1 2 3 5 10 12 14 22 32 36 
1 2 4 8 14 19 27 37 42 47 
1 2 5 7 13 20 26 36 43 48 
1 2 3 6 12 15 18 27 35 39 
1 2 4 9 16 22 31 42 54 60 
1 2 5 8 10 17 23 33 46 52 
1 2 3 7 9 12 15 24 29 33 
1 2 4 6 8 13 21 31 39 44 
1 2 5 9 12 20 27 38 49 55 
1 2 3 4 6 9 12 21 32 36 
1 2 4 7 10 16 25 36 42 47 
1 2 5 10 14 17 24 35 43 48 
1 2 3 5 8 12 16 26 35 39 
1 2 4 8 12 19 29 41 54 60 
1 2 5 7 11 14 21 24 28 32 
1 2 3 6 10 15 20 23 29 33 
1 2 4 9 14 22 26 30 39 44 
1 2 5 8 13 17 25 29 40 45 
1 2 3 7 12 18 24 28 32 36 
1 2 4 6 11 19 23 27 33 37 
1 2 5 9 15 20 29 34 43 48 
1 2 3 4 9 15 21 25 35 39 
1 2 4 7 13 16 20 24 27 30 
1 2 5 10 17 23 33 39 46 52 
1 2 3 5 11 18 25 30 38 43 
1 2 4 8 10 13 17 21 30 34 
1 2 5 7 9 14 23 28 40 45 
1 2 3 6 8 15 22 27 32 36 
1 2 4 9 12 16 21 26 33 37 
1 2 5 8 11 17 20 25 34 38 
1 2 3 7 10 12 19 24 35 39 
1 2 4 6 9 13 18 23 27 30 
1 2 5 9 13 20 24 30 37 42 
1 2 3 4 7 9 16 21 29 33 
1 2 4 7 11 16 22 28 39 44 
1 2 5 10 15 23 28 35 40 45 
1 2 3 5 9 12 20 26 32 36 
1 2 4 8 13 19 26 33 42 47 
1 2 5 7 12 20 25 32 43 48 
1 2 3 6 11 15 24 31 35 39 
1 2 4 9 15 22 30 38 45 50 
1 2 5 8 14 17 22 29 37 42 
1 2 3 7 13 18 21 28 38 43 
1 2 4 6 12 19 27 35 48 54 
1 2 5 9 16 20 26 34 40 45 
1 2 3 4 5 9 11 17 23 26 
1 2 4 7 9 16 24 32 42 47 
1 2 5 10 13 17 23 31 43 48 
1 2 3 5 7 12 15 22 26 29 
1 2 4 8 11 19 28 37 45 50 
1 2 5 7 10 14 20 28 37 42 
1 2 3 6 9 15 19 27 38 43 
1 2 4 9 13 16 25 34 39 44 
1 2 5 8 12 17 24 33 40 45 
1 2 3 7 11 18 23 32 41 46 
1 2 4 6 10 13 22 31 42 47 
1 2 5 9 14 20 28 38 43 48 
1 2 3 4 8 15 20 29 35 39 
1 2 4 7 12 16 19 28 36 40 
1 2 5 10 16 23 32 43 55 62 
1 2 3 5 10 12 17 26 38 43 
1 2 4 8 14 19 23 33 39 44 
1 2 5 7 13 20 29 40 49 55 
1 2 3 6 12 15 21 31 41 46 
1 2 4 9 16 22 27 38 51 57 
1 2 5 8 10 17 26 37 43 48 
1 2 3 7 9 12 18 28 35 39 
1 2 4 6 8 13 17 27 36 40 
1 2 5 9 12 20 30 42 55 62 
1 2 3 4 6 9 15 25 29 33 
1 2 3 7 10 12 20 24 29 33 
1 2 4 6 9 13 19 23 30 34 
1 2 5 9 13 20 25 30 40 45 
1 2 3 4 7 9 17 21 32 36 
1 2 4 7 11 16 23 28 33 37 
1 2 5 10 15 23 29 35 43 48 
1 2 3 5 9 12 14 18 26 29 
1 2 4 8 13 19 27 33 45 50 
1 2 5 7 12 20 26 32 37 42 
1 2 3 6 11 15 18 23 29 33 
1 2 4 9 15 22 31 38 48 54 
1 2 5 8 14 17 23 29 40 45 
1 2 3 7 13 18 22 28 32 36 
1 2 4 6 12 19 28 35 42 47 
1 2 5 9 16 20 27 34 43 48 
1 2 3 4 5 9 12 17 26 29 
1 2 4 7 9 16 25 32 36 40 
1 2 5 10 13 17 24 31 37 42 
1 2 3 5 7 12 16 22 29 33 
1 2 4 8 11 19 29 37 48 54 
1 2 5 7 10 14 21 28 40 45 
1 2 3 6 9 15 20 27 32 36 
1 2 4 9 13 16 19 26 33 37 
1 2 5 8 12 17 25 33 43 48 
1 2 3 7 11 18 24 32 44 49 
1 2 4 6 10 13 16 23 27 30 
1 2 5 9 14 20 29 38 46 52 
1 2 3 4 8 15 21 29 38 43 
1 2 4 7 12 16 20 28 39 44 
1 2 5 10 16 23 33 43 49 55 
1 2 3 5 10 12 18 26 32 36 
1 2 4 8 14 19 24 33 42 47 
1 2 5 7 13 20 30 40 52 58 
1 2 3 6 12 15 22 31 35 39 
1 2 4 9 16 22 28 38 45 50 
1 2 5 8 10 17 20 29 37 42 
1 2 3 7 9 12 19 28 38 43 
1 2 4 6 8 13 18 27 39 44 
1 2 5 9 12 20 24 34 40 45 
1 2 3 4 6 9 16 25 32 36 
1 2 4 7 10 16 22 32 42 47 
1 2 5 10 14 17 21 31 43 48 
1 2 3 5 8 12 20 30 35 39 
1 2 4 8 12 19 26 37 45 50 
1 2 5 7 11 14 18 28 37 42 
1 2 3 6 10 15 24 35 47 53 
1 2 4 9 14 22 30 42 48 54 
1 2 5 8 13 17 22 33 40 45 
1 2 3 7 12 18 21 24 32 36 
1 2 4 6 11 19 27 31 42 47 
1 2 5 9 15 20 26 30 34 38 
1 2 3 4 9 15 18 21 26 29 
1 2 4 7 13 16 24 28 36 40 
1 2 5 10 17 23 30 35 46 52 
1 2 3 5 11 18 22 26 38 43 
1 2 4 8 10 13 21 25 30 34 
1 2 5 7 9 14 20 24 31 35 
1 2 3 6 8 15 19 23 32 36 
1 2 4 9 12 16 25 30 42 47 
1 2 5 8 11 17 24 29 34 38 
1 2 3 7 10 12 16 20 26 29 
1 2 4 6 9 13 22 27 36 40 
1 2 5 9 13 20 28 34 46 52 
1 2 3 4 7 9 13 17 20 23 
1 2 4 7 11 16 19 24 30 34 
1 2 5 10 15 23 32 39 49 55 
1 2 3 5 9 12 17 22 32 36 
1 2 4 8 13 19 23 29 33 37 
1 2 5 7 12 20 29 36 43 48 
1 2 3 6 11 15 21 27 35 39 
1 2 4 9 15 22 27 34 45 50 
1 2 5 8 14 17 26 33 46 52 
1 2 3 7 13 18 25 32 38 43 
1 2 4 6 12 19 24 31 39 44 
1 2 5 9 16 20 30 38 49 55 
1 2 3 4 5 9 15 21 32 36 
1 2 4 7 9 16 21 28 33 37 
1 2 5 10 13 17 20 27 34 38 
1 2 3 5 7 12 19 26 35 39 
1 2 4 8 11 19 25 33 45 50 
1 2 5 7 10 14 17 24 28 32 
1 2 3 6 9 15 23 31 38 43 
1 2 4 9 13 16 22 30 39 44 
1 2 5 8 12 17 21 29 40 45 
1 2 3 7 11 18 27 36 41 46 
1 2 4 6 10 13 19 27 33 37 
1 2 5 9 14 20 25 34 43 48 
1 2 3 4 8 15 24 33 44 49 
1 2 4 7 12 16 23 32 36 40 
1 2 5 10 16 23 29 39 46 52 
1 2 3 5 10 12 14 22 29 33 
1 2 4 8 14 19 27 37 48 54 
1 2 5 7 13 20 26 36 49 55 
1 2 3 6 12 15 18 27 32 36 
1 2 4 9 16 22 31 42 51 57 
1 2 5 8 10 17 23 33 43 48 
1 2 3 7 9 12 15 24 35 39 
1 2 4 6 8 13 21 31 36 40 
1 2 5 9 12 20 27 38 46 52 
1 2 3 4 6 9 12 21 29 33 
1 2 4 7 10 16 25 36 48 54 
1 2 5 10 14 17 24 35 40 45 
1 2 3 5 8 12 16 26 32 36 
1 2 4 8 12 19 29 41 51 57 
1 2 5 7 11 14 21 24 34 38 
1 2 3 6 10 15 20 23 26 29 
1 2 4 9 14 22 26 30 36 40 
1 2 5 8 13 17 25 29 37 42 
1 2 3 7 12 18 24 28 38 43 
1 2 4 6 11 19 23 27 39 44 
1 2 5 9 15 20 29 34 40 45 
1 2 3 4 9 15 21 25 32 36 
1 2 4 7 13 16 20 24 33 37 
1 2 5 10 17 23 33 39 52 58 
1 2 3 5 11 18 25 30 35 39 
1 2 4 8 10 13 17 21 27 30 
1 2 5 7 9 14 23 28 37 42 
1 2 3 6 8 15 22 27 38 43 
1 2 4 9 12 16 21 26 30 34 
1 2 5 8 11 17 20 25 31 35 
