1 2 3 5 10 15 23 28 32 39 43
1 3 6 9 16 20 29 41 49 55 61
1 2 3 5 7 13 21 30 39 51 57
1 3 6 9 13 18 27 35 47 57 63
1 2 3 5 9 11 19 24 28 33 37
1 3 6 9 15 22 32 37 45 59 65
1 2 3 5 11 15 24 34 44 55 61
1 3 6 9 12 20 30 39 52 61 68
1 2 3 5 8 13 22 28 33 37 41
1 3 6 9 14 18 21 25 32 43 48
1 2 3 5 10 17 20 30 40 49 54
1 3 6 9 16 22 26 35 48 55 61
1 2 3 5 7 9 11 16 20 31 35
1 3 6 9 13 20 24 29 37 47 52
1 2 3 5 9 13 16 26 36 43 48
1 3 6 9 15 18 22 31 35 39 43
1 2 3 5 11 17 21 28 34 45 50
1 3 6 9 12 16 20 25 33 41 46
1 2 3 5 8 15 19 22 32 37 41
1 3 6 9 14 20 25 35 40 53 59
1 2 3 5 10 13 17 24 30 39 43
1 3 6 9 16 24 30 37 47 55 61
1 2 3 5 7 11 15 18 28 41 46
1 3 6 9 13 16 21 31 36 47 52
1 2 3 5 9 15 20 28 35 43 48
1 3 6 9 15 20 26 33 43 49 54
1 2 3 5 11 19 25 30 42 55 61
1 3 6 9 12 18 24 35 41 51 57
1 2 3 5 8 11 16 24 31 37 41
1 3 6 9 14 22 29 37 48 63 70
1 2 3 5 10 15 21 26 38 49 54
1 3 6 9 16 20 27 31 37 45 50
1 2 3 5 7 13 19 28 36 41 46
1 3 6 9 13 18 25 33 44 57 63
1 2 3 5 9 11 17 22 25 33 37
1 3 6 9 15 22 30 35 42 49 54
1 2 3 5 11 15 22 32 41 55 61
1 3 6 9 12 20 28 37 49 61 68
1 2 3 5 8 13 20 26 30 37 41
1 3 6 9 14 18 26 31 38 43 48
1 2 3 5 10 17 25 36 46 59 65
1 3 6 9 16 22 31 41 54 65 72
1 2 3 5 7 9 16 22 26 31 35
1 3 6 9 13 20 29 35 43 57 63
1 2 3 5 9 13 21 24 33 43 48
1 3 6 9 15 18 27 37 50 59 65
1 2 3 5 11 17 26 34 40 45 50
1 3 6 9 12 16 25 31 39 51 57
1 2 3 5 8 15 24 28 38 47 52
1 3 6 9 14 20 30 41 55 63 70
1 2 3 5 10 13 22 30 36 49 54
1 3 6 9 16 24 28 35 44 55 61
1 2 3 5 7 11 13 16 25 31 35
1 3 6 9 13 16 19 29 33 37 41
1 2 3 5 9 15 18 26 32 43 48
1 3 6 9 15 20 24 31 40 49 54
1 2 3 5 11 19 23 28 39 45 50
1 3 6 9 12 18 22 33 38 51 57
1 2 3 5 8 11 14 22 28 37 41
1 3 6 9 14 22 27 35 45 53 59
1 2 3 5 10 15 19 24 35 39 43
1 3 6 9 16 20 25 29 34 45 50
1 2 3 5 7 13 17 26 33 41 46
1 3 6 9 13 18 23 31 41 47 52
1 2 3 5 9 11 15 20 31 43 48
1 3 6 9 15 22 28 33 39 49 54
1 2 3 5 11 15 20 30 38 45 50
1 3 6 9 12 20 26 35 46 61 68
1 2 3 5 8 13 18 24 27 37 41
1 3 6 9 14 18 24 29 35 43 48
1 2 3 5 10 17 23 34 43 49 54
1 3 6 9 16 22 29 39 51 65 72
1 2 3 5 7 9 14 20 23 31 35
1 3 6 9 13 20 27 33 40 47 52
1 2 3 5 9 13 19 22 30 43 48
1 3 6 9 15 18 25 35 47 59 65
1 2 3 5 11 17 24 32 37 45 50
1 3 6 9 12 16 23 29 36 41 46
1 2 3 5 8 15 22 26 35 47 52
1 3 6 9 14 20 28 39 52 63 70
1 2 3 5 10 13 20 28 33 39 43
1 3 6 9 16 24 33 41 50 65 72
1 2 3 5 7 11 18 22 31 41 46
1 3 6 9 13 16 24 35 48 57 63
1 2 3 5 9 15 23 32 38 43 48
1 3 6 9 15 20 29 37 46 59 65
1 2 3 5 11 19 28 34 45 55 61
1 3 6 9 12 18 27 31 35 41 46
1 2 3 5 8 11 19 28 34 47 52
1 3 6 9 14 22 32 41 51 63 70
1 2 3 5 10 15 24 30 41 49 54
1 3 6 9 16 20 30 35 40 45 50
1 2 3 5 7 13 22 32 39 51 57
1 3 6 9 13 18 21 29 38 47 52
1 2 3 5 9 11 13 18 28 33 37
1 3 6 9 15 22 26 31 36 49 54
1 2 3 5 11 15 18 28 35 45 50
1 3 6 9 12 20 24 33 43 51 57
1 2 3 5 8 13 16 22 33 37 41
1 3 6 9 14 18 22 27 32 43 48
1 2 3 5 10 17 21 24 31 39 43
1 3 6 9 16 22 27 37 48 55 61
1 2 3 5 7 9 12 18 29 41 46
1 3 6 9 13 20 25 31 37 47 52
1 2 3 5 9 13 17 20 27 33 37
1 3 6 9 15 18 23 33 44 49 54
1 2 3 5 11 17 22 30 34 45 50
1 3 6 9 12 16 21 27 33 41 46
1 2 3 5 8 15 20 24 32 37 41
1 3 6 9 14 20 26 37 49 63 70
1 2 3 5 10 13 18 26 30 39 43
1 3 6 9 16 24 31 39 47 55 61
1 2 3 5 7 11 16 20 28 41 46
1 3 6 9 13 16 22 33 45 57 63
1 2 3 5 9 15 21 30 35 43 48
1 3 6 9 15 20 27 35 43 49 54
1 2 3 5 11 19 26 32 42 55 61
1 3 6 9 12 18 25 29 41 51 57
1 2 3 5 8 11 17 26 31 37 41
1 3 6 9 14 22 30 39 48 63 70
1 2 3 5 10 15 22 28 38 49 54
1 3 6 9 16 20 28 33 46 55 61
1 2 3 5 7 13 20 30 36 41 46
1 3 6 9 13 18 26 35 44 57 63
1 2 3 5 9 11 18 24 34 43 48
1 3 6 9 15 22 31 37 42 49 54
1 2 3 5 11 15 23 34 41 55 61
1 3 6 9 12 20 29 39 49 61 68
1 2 3 5 8 13 21 28 39 47 52
1 3 6 9 14 18 27 33 38 43 48
1 2 3 5 10 17 26 30 37 49 54
1 3 6 9 16 22 32 43 54 65 72
1 2 3 5 7 9 17 24 35 41 46
1 3 6 9 13 20 30 37 43 57 63
1 2 3 5 9 13 22 26 33 43 48
1 3 6 9 15 18 21 31 41 49 54
1 2 3 5 11 17 20 28 40 45 50
1 3 6 9 12 16 19 25 30 41 46
1 2 3 5 8 15 18 22 29 37 41
1 3 6 9 14 20 24 35 46 53 59
1 2 3 5 10 13 16 24 27 39 43
1 3 6 9 16 24 29 37 44 55 61
1 2 3 5 7 11 14 18 25 31 35
1 3 6 9 13 16 20 23 33 37 41
1 2 3 5 9 15 19 28 32 43 48
1 3 6 9 15 20 25 33 40 49 54
1 2 3 5 11 19 24 30 39 45 50
1 3 6 9 12 18 23 27 38 51 57
1 2 3 5 8 11 15 24 28 37 41
1 3 6 9 14 22 28 37 45 53 59
1 2 3 5 10 15 20 26 35 39 43
1 3 6 9 16 20 26 31 43 55 61
1 2 3 5 7 13 18 28 33 41 46
1 3 6 9 13 18 24 33 41 47 52
1 2 3 5 9 11 16 22 31 43 48
1 3 6 9 15 22 29 35 48 59 65
1 2 3 5 11 15 21 24 29 35 39
1 3 6 9 12 20 27 37 46 61 68
1 2 3 5 8 13 19 26 36 47 52
1 3 6 9 14 18 25 31 35 43 48
1 2 3 5 10 17 24 28 34 39 43
1 3 6 9 16 22 30 41 51 65 72
1 2 3 5 7 9 15 22 32 41 46
1 3 6 9 13 20 28 35 40 47 52
1 2 3 5 9 13 20 24 30 43 48
1 3 6 9 15 18 26 37 47 59 65
1 2 3 5 11 17 25 34 46 55 61
1 3 6 9 12 16 24 31 36 41 46
1 2 3 5 8 15 23 28 35 47 52
1 3 6 9 14 20 29 41 52 63 70
1 2 3 5 10 13 21 30 42 49 54
1 3 6 9 16 24 34 43 50 65 72
1 2 3 5 7 11 19 24 31 41 46
1 3 6 9 13 16 25 29 39 47 52
1 2 3 5 9 15 24 34 47 53 59
1 3 6 9 15 20 30 39 46 59 65
1 2 3 5 11 19 29 36 45 55 61
1 3 6 9 12 18 21 25 35 41 46
1 2 3 5 8 11 13 22 25 37 41
1 3 6 9 14 22 26 35 42 53 59
1 2 3 5 10 15 18 24 32 39 43
1 3 6 9 16 20 24 29 40 45 50
1 2 3 5 7 13 16 26 30 41 46
1 3 6 9 13 18 22 31 38 47 52
1 2 3 5 9 11 14 20 28 33 37
1 3 6 9 15 22 27 33 45 59 65
1 2 3 5 11 15 19 22 26 35 39
1 3 6 9 12 20 25 35 43 51 57
1 2 3 5 8 13 17 24 33 37 41
1 3 6 9 14 18 23 29 41 53 59
1 2 3 5 10 17 22 26 31 39 43
1 3 6 9 16 22 28 39 48 55 61
1 2 3 5 7 9 13 20 29 41 46
1 3 6 9 13 20 26 33 46 57 63
1 2 3 5 9 13 18 22 27 33 37
1 3 6 9 15 18 24 35 44 49 54
1 2 3 5 11 17 23 32 43 55 61
1 3 6 9 12 16 22 29 33 41 46
1 2 3 5 8 15 21 26 32 37 41
1 3 6 9 14 20 27 31 40 53 59
1 2 3 5 10 13 19 28 39 49 54
1 3 6 9 16 24 32 41 47 55 61
1 2 3 5 7 11 17 22 28 41 46
1 3 6 9 13 16 23 27 36 47 52
1 2 3 5 9 15 22 32 44 53 59
1 3 6 9 15 20 28 37 43 49 54
1 2 3 5 11 19 27 34 42 55 61
1 3 6 9 12 18 26 31 41 51 57
1 2 3 5 8 11 18 28 40 47 52
1 3 6 9 14 22 31 41 48 63 70
1 2 3 5 10 15 23 30 38 49 54
1 3 6 9 16 20 29 35 46 55 61
1 2 3 5 7 13 21 24 27 31 35
1 3 6 9 13 18 27 37 44 57 63
1 2 3 5 9 11 19 26 34 43 48
1 3 6 9 15 22 32 39 51 59 65
1 2 3 5 11 15 24 28 32 45 50
1 3 6 9 12 20 30 41 49 61 68
1 2 3 5 8 13 22 30 39 47 52
1 3 6 9 14 18 21 27 38 43 48
1 2 3 5 10 17 20 24 28 39 43
1 3 6 9 16 22 26 37 45 55 61
1 2 3 5 7 9 11 18 26 31 35
1 3 6 9 13 20 24 31 43 57 63
1 2 3 5 9 13 16 20 24 33 37
1 3 6 9 15 18 22 33 41 49 54
1 2 3 5 11 17 21 30 40 45 50
1 3 6 9 12 16 20 27 39 51 57
1 2 3 5 8 15 19 24 29 37 41
1 3 6 9 14 20 25 29 37 43 48
1 2 3 5 10 13 17 26 36 49 54
1 3 6 9 16 24 30 39 44 55 61
1 2 3 5 7 11 15 20 25 31 35
1 3 6 9 13 16 21 25 33 37 41
1 2 3 5 9 15 20 30 41 53 59
1 3 6 9 15 20 26 35 40 49 54
1 2 3 5 11 19 25 32 39 45 50
1 3 6 9 12 18 24 29 38 51 57
1 2 3 5 8 11 16 26 37 47 52
1 3 6 9 14 22 29 39 45 53 59
1 2 3 5 10 15 21 28 35 39 43
1 3 6 9 16 20 27 33 43 55 61
1 2 3 5 7 13 19 22 33 41 46
1 3 6 9 13 18 25 35 41 47 52
1 2 3 5 9 11 17 24 31 43 48
1 3 6 9 15 22 30 37 48 59 65
1 2 3 5 11 15 22 26 38 45 50
1 3 6 9 12 20 28 39 46 61 68
1 2 3 5 8 13 20 28 36 47 52
1 3 6 9 14 18 26 33 44 53 59
1 2 3 5 10 17 25 30 34 39 43
1 3 6 9 16 22 31 43 51 65 72
1 2 3 5 7 9 16 24 32 41 46
1 3 6 9 13 20 29 37 49 57 63
1 2 3 5 9 13 21 26 30 43 48
1 3 6 9 15 18 27 31 38 49 54
1 2 3 5 11 17 26 36 46 55 61
1 3 6 9 12 16 25 33 45 51 57
1 2 3 5 8 15 24 30 35 47 52
1 3 6 9 14 20 30 35 43 53 59
1 2 3 5 10 13 22 32 42 49 54
1 3 6 9 16 24 28 37 50 65 72
1 2 3 5 7 11 13 18 22 31 35
1 3 6 9 13 16 19 23 30 37 41
1 2 3 5 9 15 18 28 38 43 48
1 3 6 9 15 20 24 33 46 59 65
1 2 3 5 11 19 23 30 36 45 50
1 3 6 9 12 18 22 27 35 41 46
1 2 3 5 8 11 14 16 25 37 41
1 3 6 9 14 22 27 37 42 53 59
1 2 3 5 10 15 19 26 32 39 43
1 3 6 9 16 20 25 31 40 45 50
1 2 3 5 7 13 17 20 30 41 46
1 3 6 9 13 18 23 33 38 47 52
1 2 3 5 9 11 15 22 28 33 37
1 3 6 9 15 22 28 35 45 59 65
1 2 3 5 11 15 20 24 35 45 50
1 3 6 9 12 20 26 37 43 51 57
1 2 3 5 8 13 18 26 33 37 41
1 3 6 9 14 18 24 31 41 53 59
1 2 3 5 10 17 23 28 40 49 54
1 3 6 9 16 22 29 41 48 55 61
1 2 3 5 7 9 14 22 29 41 46
1 3 6 9 13 20 27 35 46 57 63
1 2 3 5 9 13 19 24 27 33 37
1 3 6 9 15 18 25 29 35 39 43
1 2 3 5 11 17 24 34 43 55 61
1 3 6 9 12 16 23 31 42 51 57
1 2 3 5 8 15 22 28 32 37 41
1 3 6 9 14 20 28 33 40 53 59
1 2 3 5 10 13 20 30 39 49 54
1 3 6 9 16 24 33 43 56 65 72
1 2 3 5 7 11 18 24 28 41 46
1 3 6 9 13 16 24 29 36 47 52
1 2 3 5 9 15 23 34 44 53 59
1 3 6 9 15 20 29 39 52 59 65
1 2 3 5 11 19 28 36 42 55 61
1 3 6 9 12 18 27 33 41 51 57
1 2 3 5 8 11 19 22 31 37 41
1 3 6 9 14 22 32 43 57 73 81
1 2 3 5 10 15 24 32 38 49 54
1 3 6 9 16 20 30 37 46 55 61
1 2 3 5 7 13 22 26 36 41 46
1 3 6 9 13 18 21 31 35 47 52
1 2 3 5 9 11 13 20 25 33 37
1 3 6 9 15 22 26 33 42 49 54
1 2 3 5 11 15 18 22 32 45 50
1 3 6 9 12 20 24 35 40 51 57
1 2 3 5 8 13 16 24 30 37 41
1 3 6 9 14 18 22 29 38 43 48
1 2 3 5 10 17 21 26 37 49 54
1 3 6 9 16 22 27 31 36 45 50
1 2 3 5 7 9 12 20 26 31 35
1 3 6 9 13 20 25 33 43 57 63
1 2 3 5 9 13 17 22 33 43 48
1 3 6 9 15 18 23 27 32 39 43
1 2 3 5 11 17 22 32 40 45 50
1 3 6 9 12 16 21 29 39 51 57
1 2 3 5 8 15 20 26 38 47 52
1 3 6 9 14 20 26 31 37 43 48
1 2 3 5 10 13 18 28 36 49 54
1 3 6 9 16 24 31 41 53 65 72
1 2 3 5 7 11 16 22 25 31 35
1 3 6 9 13 16 22 27 33 37 41
1 2 3 5 9 15 21 24 32 43 48
1 3 6 9 15 20 27 37 49 59 65
1 2 3 5 11 19 26 34 39 45 50
1 3 6 9 12 18 25 31 38 51 57
1 2 3 5 8 11 17 20 28 37 41
1 3 6 9 14 22 30 41 54 63 70
1 2 3 5 10 15 22 30 35 39 43
1 3 6 9 16 20 28 35 43 55 61
1 2 3 5 7 13 20 24 33 41 46
1 3 6 9 13 18 26 37 50 57 63
1 2 3 5 9 11 18 26 31 43 48
1 3 6 9 15 22 31 39 48 59 65
1 2 3 5 11 15 23 28 38 45 50
1 3 6 9 12 20 29 41 55 71 79
1 2 3 5 8 13 21 30 36 47 52
1 3 6 9 14 18 27 35 44 53 59
1 2 3 5 10 17 26 32 43 49 54
1 3 6 9 16 22 32 37 42 55 61
1 2 3 5 7 9 17 26 32 41 46
1 3 6 9 13 20 30 39 49 57 63
1 2 3 5 9 13 22 28 39 53 59
1 3 6 9 15 18 21 25 29 39 43
1 2 3 5 11 17 20 30 37 45 50
1 3 6 9 12 16 19 27 36 41 46
1 2 3 5 8 15 18 24 35 47 52
1 3 6 9 14 20 24 29 34 43 48
1 2 3 5 10 13 16 26 33 39 43
1 3 6 9 16 24 29 39 50 65 72
1 2 3 5 7 11 14 20 31 41 46
1 3 6 9 13 16 20 25 30 37 41
1 2 3 5 9 15 19 22 29 33 37
1 3 6 9 15 20 25 35 46 59 65
1 2 3 5 11 19 24 32 36 45 50
1 3 6 9 12 18 23 29 35 41 46
1 2 3 5 8 11 15 18 25 37 41
1 3 6 9 14 22 28 39 51 63 70
1 2 3 5 10 15 20 28 32 39 43
1 3 6 9 16 20 26 33 40 45 50
1 2 3 5 7 13 18 22 30 41 46
1 3 6 9 13 18 24 35 47 57 63
1 2 3 5 9 11 16 24 28 33 37
1 3 6 9 15 22 29 37 45 59 65
1 2 3 5 11 15 21 26 35 45 50
1 3 6 9 12 20 27 31 43 51 57
1 2 3 5 8 13 19 28 33 37 41
1 3 6 9 14 18 25 33 41 53 59
1 2 3 5 10 17 24 30 40 49 54
1 3 6 9 16 22 30 35 48 55 61
1 2 3 5 7 9 15 24 29 41 46
1 3 6 9 13 20 28 37 46 57 63
1 2 3 5 9 13 20 26 36 43 48
1 3 6 9 15 18 26 31 35 39 43
1 2 3 5 11 17 25 36 43 55 61
1 3 6 9 12 16 24 33 42 51 57
1 2 3 5 8 15 23 30 41 47 52
1 3 6 9 14 20 29 35 40 53 59
1 2 3 5 10 13 21 24 30 39 43
1 3 6 9 16 24 34 45 56 65 72
1 2 3 5 7 11 19 26 37 51 57
1 3 6 9 13 16 25 31 36 47 52
1 2 3 5 9 15 24 28 35 43 48
1 3 6 9 15 20 30 41 52 59 65
1 2 3 5 11 19 29 38 51 65 72
1 3 6 9 12 18 21 27 32 41 46
1 2 3 5 8 11 13 16 22 27 30
1 3 6 9 14 22 26 37 48 63 70
1 2 3 5 10 15 18 26 38 49 54
1 3 6 9 16 20 24 31 37 45 50
1 2 3 5 7 13 16 20 27 31 35
1 3 6 9 13 18 22 33 44 57 63
1 2 3 5 9 11 14 22 25 33 37
1 3 6 9 15 22 27 35 42 49 54
1 2 3 5 11 15 19 24 32 45 50
1 3 6 9 12 20 25 29 40 51 57
1 2 3 5 8 13 17 26 30 37 41
1 3 6 9 14 18 23 31 38 43 48
1 2 3 5 10 17 22 28 37 49 54
1 3 6 9 16 22 28 33 45 55 61
1 2 3 5 7 9 13 22 26 31 35
1 3 6 9 13 20 26 35 43 57 63
1 2 3 5 9 13 18 24 33 43 48
1 3 6 9 15 18 24 29 41 49 54
1 2 3 5 11 17 23 34 40 45 50
1 3 6 9 12 16 22 31 39 51 57
1 2 3 5 8 15 21 28 38 47 52
1 3 6 9 14 20 27 33 46 53 59
1 2 3 5 10 13 19 22 27 39 43
1 3 6 9 16 24 32 43 53 65 72
1 2 3 5 7 11 17 24 34 41 46
1 3 6 9 13 16 23 29 33 37 41
1 2 3 5 9 15 22 26 32 43 48
1 3 6 9 15 20 28 39 49 59 65
1 2 3 5 11 19 27 36 48 55 61
1 3 6 9 12 18 26 33 38 51 57
1 2 3 5 8 11 18 22 28 37 41
1 3 6 9 14 22 31 43 54 63 70
1 2 3 5 10 15 23 32 44 49 54
1 3 6 9 16 20 29 37 43 55 61
1 2 3 5 7 13 21 26 33 41 46
1 3 6 9 13 18 27 31 41 47 52
1 2 3 5 9 11 19 28 40 53 59
1 3 6 9 15 22 32 41 48 59 65
1 2 3 5 11 15 24 30 38 45 50
1 3 6 9 12 20 30 35 46 61 68
1 2 3 5 8 13 22 32 36 47 52
1 3 6 9 14 18 21 29 35 43 48
1 2 3 5 10 17 20 26 34 39 43
1 3 6 9 16 22 26 31 42 55 61
1 2 3 5 7 9 11 20 23 31 35
1 3 6 9 13 20 24 33 40 47 52
1 2 3 5 9 13 16 22 30 43 48
1 3 6 9 15 18 22 27 38 49 54
1 2 3 5 11 17 21 24 28 35 39
1 3 6 9 12 16 20 29 36 41 46
1 2 3 5 8 15 19 26 35 47 52
1 3 6 9 14 20 25 31 43 53 59
1 2 3 5 10 13 17 20 24 29 32
1 3 6 9 16 24 30 41 50 65 72
1 2 3 5 7 11 15 22 31 41 46
1 3 6 9 13 16 21 27 39 47 52
1 2 3 5 9 15 20 24 29 33 37
1 3 6 9 15 20 26 37 46 59 65
1 2 3 5 11 19 25 34 45 55 61
1 3 6 9 12 18 24 31 35 41 46
1 2 3 5 8 11 16 20 25 37 41
1 3 6 9 14 22 29 41 51 63 70
1 2 3 5 10 15 21 30 41 49 54
1 3 6 9 16 20 27 35 40 45 50
1 2 3 5 7 13 19 24 30 41 46
1 3 6 9 13 18 25 29 38 47 52
1 2 3 5 9 11 17 26 37 43 48
1 3 6 9 15 22 30 39 45 59 65
1 2 3 5 11 15 22 28 35 45 50
1 3 6 9 12 20 28 33 43 51 57
1 2 3 5 8 13 20 30 42 47 52
1 3 6 9 14 18 26 35 41 53 59
1 2 3 5 10 17 25 32 40 49 54
1 3 6 9 16 22 31 37 48 55 61
1 2 3 5 7 9 16 26 38 51 57
1 3 6 9 13 20 29 39 46 57 63
1 2 3 5 9 13 21 28 36 43 48
1 3 6 9 15 18 27 33 44 49 54
1 2 3 5 11 17 26 30 34 45 50
1 3 6 9 12 16 25 35 42 51 57
1 2 3 5 8 15 24 32 41 47 52
1 3 6 9 14 20 30 37 49 63 70
1 2 3 5 10 13 22 26 30 39 43
1 3 6 9 16 24 28 39 47 55 61
1 2 3 5 7 11 13 20 28 41 46
1 3 6 9 13 16 19 25 36 47 52
1 2 3 5 9 15 18 22 26 33 37
1 3 6 9 15 20 24 35 43 49 54
1 2 3 5 11 19 23 32 42 55 61
1 3 6 9 12 18 22 29 41 51 57
1 2 3 5 8 11 14 18 22 27 30
1 3 6 9 14 22 27 31 39 53 59
1 2 3 5 10 15 19 28 38 49 54
1 3 6 9 16 20 25 33 46 55 61
1 2 3 5 7 13 17 22 27 31 35
1 3 6 9 13 18 23 27 35 47 52
1 2 3 5 9 11 15 24 34 43 48
1 3 6 9 15 22 28 37 42 49 54
1 2 3 5 11 15 20 26 32 45 50
1 3 6 9 12 20 26 31 40 51 57
1 2 3 5 8 13 18 28 39 47 52
1 3 6 9 14 18 24 33 38 43 48
1 2 3 5 10 17 23 30 37 49 54
1 3 6 9 16 22 29 35 45 55 61
1 2 3 5 7 9 14 16 26 31 35
1 3 6 9 13 20 27 37 43 57 63
1 2 3 5 9 13 19 26 33 43 48
1 3 6 9 15 18 25 31 41 49 54
1 2 3 5 11 17 24 28 40 45 50
1 3 6 9 12 16 23 33 39 51 57
1 2 3 5 8 15 22 30 38 47 52
1 3 6 9 14 20 28 35 46 53 59
1 2 3 5 10 13 20 24 27 39 43
1 3 6 9 16 24 33 45 53 65 72
1 2 3 5 7 11 18 26 34 41 46
1 3 6 9 13 16 24 31 42 47 52
1 2 3 5 9 15 23 28 32 43 48
1 3 6 9 15 20 29 41 49 59 65
1 2 3 5 11 19 28 38 48 55 61
1 3 6 9 12 18 27 35 47 61 68
1 2 3 5 8 11 19 24 28 37 41
1 3 6 9 14 22 32 37 45 53 59
1 2 3 5 10 15 24 34 44 49 54
1 3 6 9 16 20 30 39 52 65 72
1 2 3 5 7 13 22 28 33 41 46
1 3 6 9 13 18 21 25 32 37 41
1 2 3 5 9 11 13 22 31 43 48
1 3 6 9 15 22 26 35 48 59 65
1 2 3 5 11 15 18 24 29 35 39
1 3 6 9 12 20 24 29 37 51 57
1 2 3 5 8 13 16 26 36 47 52
1 3 6 9 14 18 22 31 35 43 48
1 2 3 5 10 17 21 28 34 39 43
1 3 6 9 16 22 27 33 42 55 61
1 2 3 5 7 9 12 14 23 31 35
1 3 6 9 13 20 25 35 40 47 52
1 2 3 5 9 13 17 24 30 43 48
1 3 6 9 15 18 23 29 38 49 54
1 2 3 5 11 17 22 26 37 45 50
1 3 6 9 12 16 21 31 36 41 46
1 2 3 5 8 15 20 28 35 47 52
1 3 6 9 14 20 26 33 43 53 59
1 2 3 5 10 13 18 22 33 39 43
1 3 6 9 16 24 31 43 50 65 72
1 2 3 5 7 11 16 24 31 41 46
1 3 6 9 13 16 22 29 39 47 52
1 2 3 5 9 15 21 26 38 43 48
1 3 6 9 15 20 27 31 37 49 54
1 2 3 5 11 19 26 36 45 55 61
1 3 6 9 12 18 25 33 44 51 57
1 2 3 5 8 11 17 22 25 37 41
1 3 6 9 14 22 30 35 42 53 59
1 2 3 5 10 15 22 32 41 49 54
1 3 6 9 16 20 28 37 49 55 61
1 2 3 5 7 13 20 26 30 41 46
1 3 6 9 13 18 26 31 38 47 52
1 2 3 5 9 11 18 28 37 43 48
1 3 6 9 15 22 31 41 54 69 76
1 2 3 5 11 15 23 30 35 45 50
1 3 6 9 12 20 29 35 43 51 57
1 2 3 5 8 13 21 24 33 37 41
1 3 6 9 14 18 27 37 50 63 70
1 2 3 5 10 17 26 34 40 49 54
1 3 6 9 16 22 32 39 48 55 61
1 2 3 5 7 9 17 20 29 41 46
1 3 6 9 13 20 30 41 55 67 74
1 2 3 5 9 13 22 30 36 43 48
1 3 6 9 15 18 21 27 35 39 43
1 2 3 5 11 17 20 24 34 45 50
1 3 6 9 12 16 19 29 33 41 46
1 2 3 5 8 15 18 26 32 37 41
1 3 6 9 14 20 24 31 40 53 59
1 2 3 5 10 13 16 20 30 39 43
1 3 6 9 16 24 29 41 47 55 61
1 2 3 5 7 11 14 22 28 41 46
1 3 6 9 13 16 20 27 36 47 52
1 2 3 5 9 15 19 24 35 43 48
1 3 6 9 15 20 25 29 34 39 43
1 2 3 5 11 19 24 34 42 55 61
1 3 6 9 12 18 23 31 41 51 57
1 2 3 5 8 11 15 20 31 37 41
1 3 6 9 14 22 28 33 39 53 59
1 2 3 5 10 15 20 30 38 49 54
1 3 6 9 16 20 26 35 46 55 61
1 2 3 5 7 13 18 24 27 31 35
1 3 6 9 13 18 24 29 35 47 52
1 2 3 5 9 11 16 26 34 43 48
1 3 6 9 15 22 29 39 51 59 65
1 2 3 5 11 15 21 28 32 45 50
1 3 6 9 12 20 27 33 40 51 57
1 2 3 5 8 13 19 22 30 37 41
1 3 6 9 14 18 25 35 47 53 59
1 2 3 5 10 17 24 32 37 49 54
1 3 6 9 16 22 30 37 45 55 61
1 2 3 5 7 9 15 18 26 31 35
1 3 6 9 13 20 28 39 52 67 74
1 2 3 5 9 13 20 28 33 43 48
1 3 6 9 15 18 26 33 41 49 54
1 2 3 5 11 17 25 30 40 45 50
1 3 6 9 12 16 24 35 48 61 68
1 2 3 5 8 15 23 32 38 47 52
1 3 6 9 14 20 29 37 46 53 59
1 2 3 5 10 13 21 26 36 49 54
1 3 6 9 16 24 34 39 44 55 61
1 2 3 5 7 11 19 28 34 41 46
1 3 6 9 13 16 25 33 42 47 52
1 2 3 5 9 15 24 30 41 53 59
1 3 6 9 15 20 30 35 40 49 54
1 2 3 5 11 19 29 40 48 55 61
1 3 6 9 12 18 21 29 38 51 57
1 2 3 5 8 11 13 18 28 37 41
1 3 6 9 14 22 26 31 36 43 48
1 2 3 5 10 15 18 28 35 39 43
1 3 6 9 16 20 24 33 43 55 61
1 2 3 5 7 13 16 22 33 41 46
1 3 6 9 13 18 22 27 32 37 41
1 2 3 5 9 11 14 16 22 33 37
1 3 6 9 15 22 27 37 48 59 65
1 2 3 5 11 15 19 26 38 45 50
1 3 6 9 12 20 25 31 37 51 57
1 2 3 5 8 13 17 20 27 37 41
1 3 6 9 14 18 23 33 44 53 59
1 2 3 5 10 17 22 30 34 39 43
1 3 6 9 16 22 28 35 42 55 61
1 2 3 5 7 9 13 16 23 31 35
1 3 6 9 13 20 26 37 49 57 63
1 2 3 5 9 13 18 26 30 43 48
1 3 6 9 15 18 24 31 38 49 54
1 2 3 5 11 17 23 28 37 45 50
1 3 6 9 12 16 22 33 45 51 57
1 2 3 5 8 15 21 30 35 47 52
1 3 6 9 14 20 27 35 43 53 59
1 2 3 5 10 13 19 24 33 39 43
1 3 6 9 16 24 32 37 50 65 72
1 2 3 5 7 11 17 26 31 41 46
1 3 6 9 13 16 23 31 39 47 52
1 2 3 5 9 15 22 28 38 43 48
1 3 6 9 15 20 28 33 46 59 65
1 2 3 5 11 19 27 38 45 55 61
1 3 6 9 12 18 26 35 44 51 57
1 2 3 5 8 11 18 24 34 47 52
1 3 6 9 14 22 31 37 42 53 59
1 2 3 5 10 15 23 34 41 49 54
1 3 6 9 16 20 29 39 49 55 61
1 2 3 5 7 13 21 28 39 51 57
1 3 6 9 13 18 27 33 38 47 52
1 2 3 5 9 11 19 22 28 33 37
1 3 6 9 15 22 32 43 54 69 76
1 2 3 5 11 15 24 32 44 55 61
1 3 6 9 12 20 30 37 43 51 57
1 2 3 5 8 13 22 26 33 37 41
1 3 6 9 14 18 21 31 41 53 59
1 2 3 5 10 17 20 28 40 49 54
1 3 6 9 16 22 26 33 39 45 50
1 2 3 5 7 9 11 14 20 31 35
1 3 6 9 13 20 24 35 46 57 63
1 2 3 5 9 13 16 24 27 33 37
1 3 6 9 15 18 22 29 35 39 43
1 2 3 5 11 17 21 26 34 45 50
1 3 6 9 12 16 20 23 33 41 46
1 2 3 5 8 15 19 28 32 37 41
1 3 6 9 14 20 25 33 40 53 59
1 2 3 5 10 13 17 22 30 39 43
1 3 6 9 16 24 30 35 47 55 61
1 2 3 5 7 11 15 24 28 41 46
1 3 6 9 13 16 21 29 36 47 52
1 2 3 5 9 15 20 26 35 43 48
1 3 6 9 15 20 26 31 43 49 54
1 2 3 5 11 19 25 36 42 55 61
1 3 6 9 12 18 24 33 41 51 57
1 2 3 5 8 11 16 22 31 37 41
1 3 6 9 14 22 29 35 48 63 70
1 2 3 5 10 15 21 24 29 39 43
1 3 6 9 16 20 27 37 46 55 61
1 2 3 5 7 13 19 26 36 41 46
1 3 6 9 13 18 25 31 35 47 52
1 2 3 5 9 11 17 20 25 33 37
1 3 6 9 15 22 30 41 51 59 65
1 2 3 5 11 15 22 30 41 55 61
1 3 6 9 12 20 28 35 40 51 57
1 2 3 5 8 13 20 24 30 37 41
1 3 6 9 14 18 26 37 47 53 59
1 2 3 5 10 17 25 34 46 59 65
1 3 6 9 16 22 31 39 45 55 61
1 2 3 5 7 9 16 20 26 31 35
1 3 6 9 13 20 29 41 52 67 74
1 2 3 5 9 13 21 30 42 53 59
1 3 6 9 15 18 27 35 41 49 54
1 2 3 5 11 17 26 32 40 45 50
1 3 6 9 12 16 25 29 39 51 57
1 2 3 5 8 15 24 34 47 57 63
1 3 6 9 14 20 30 39 46 53 59
1 2 3 5 10 13 22 28 36 49 54
1 3 6 9 16 24 28 33 44 55 61
1 2 3 5 7 11 13 22 25 31 35
1 3 6 9 13 16 19 27 33 37 41
1 2 3 5 9 15 18 24 32 43 48
1 3 6 9 15 20 24 29 40 49 54
1 2 3 5 11 19 23 34 39 45 50
1 3 6 9 12 18 22 31 38 51 57
1 2 3 5 8 11 14 20 28 37 41
1 3 6 9 14 22 27 33 45 53 59
1 2 3 5 10 15 19 22 26 29 32
1 3 6 9 16 20 25 35 43 55 61
1 2 3 5 7 13 17 24 33 41 46
1 3 6 9 13 18 23 29 41 47 52
1 2 3 5 9 11 15 18 22 33 37
1 3 6 9 15 22 28 39 48 59 65
1 2 3 5 11 15 20 28 38 45 50
1 3 6 9 12 20 26 33 46 61 68
1 2 3 5 8 13 18 22 27 37 41
1 3 6 9 14 18 24 35 44 53 59
1 2 3 5 10 17 23 32 43 49 54
1 3 6 9 16 22 29 37 42 55 61
1 2 3 5 7 9 14 18 23 31 35
1 3 6 9 13 20 27 31 40 47 52
1 2 3 5 9 13 19 28 39 53 59
1 3 6 9 15 18 25 33 38 49 54
1 2 3 5 11 17 24 30 37 45 50
1 3 6 9 12 16 23 27 36 41 46
1 2 3 5 8 15 22 32 44 57 63
1 3 6 9 14 20 28 37 43 53 59
1 2 3 5 10 13 20 26 33 39 43
1 3 6 9 16 24 33 39 50 65 72
1 2 3 5 7 11 18 28 40 51 57
1 3 6 9 13 16 24 33 39 47 52
1 2 3 5 9 15 23 30 38 43 48
1 3 6 9 15 20 29 35 46 59 65
1 2 3 5 11 19 28 32 36 45 50
1 3 6 9 12 18 27 37 44 51 57
1 2 3 5 8 11 19 26 34 47 52
1 3 6 9 14 22 32 39 51 63 70
1 2 3 5 10 15 24 28 32 39 43
1 3 6 9 16 20 30 41 49 55 61
1 2 3 5 7 13 22 30 39 51 57
1 3 6 9 13 18 21 27 38 47 52
1 2 3 5 9 11 13 16 19 23 26
1 3 6 9 15 22 26 37 45 59 65
1 2 3 5 11 15 18 26 35 45 50
1 3 6 9 12 20 24 31 43 51 57
1 2 3 5 8 13 16 20 24 27 30
1 3 6 9 14 18 22 33 41 53 59
1 2 3 5 10 17 21 30 40 49 54
1 3 6 9 16 22 27 35 48 55 61
1 2 3 5 7 9 12 16 20 31 35
1 3 6 9 13 20 25 29 37 47 52
1 2 3 5 9 13 17 26 36 43 48
1 3 6 9 15 18 23 31 35 39 43
1 2 3 5 11 17 22 28 34 45 50
1 3 6 9 12 16 21 25 33 41 46
1 2 3 5 8 15 20 30 41 47 52
1 3 6 9 14 20 26 35 40 53 59
1 2 3 5 10 13 18 24 30 39 43
1 3 6 9 16 24 31 37 47 55 61
1 2 3 5 7 11 16 26 37 51 57
1 3 6 9 13 16 22 31 36 47 52
1 2 3 5 9 15 21 28 35 43 48
1 3 6 9 15 20 27 33 43 49 54
1 2 3 5 11 19 26 30 42 55 61
1 3 6 9 12 18 25 35 41 51 57
1 2 3 5 8 11 17 24 31 37 41
1 3 6 9 14 22 30 37 48 63 70
1 2 3 5 10 15 22 26 38 49 54
1 3 6 9 16 20 28 39 46 55 61
1 2 3 5 7 13 20 28 36 41 46
1 3 6 9 13 18 26 33 44 57 63
1 2 3 5 9 11 18 22 25 33 37
1 3 6 9 15 22 31 43 51 59 65
1 2 3 5 11 15 23 32 41 55 61
1 3 6 9 12 20 29 37 49 61 68
1 2 3 5 8 13 21 26 30 37 41
1 3 6 9 14 18 27 31 38 43 48
1 2 3 5 10 17 26 36 46 59 65
1 3 6 9 16 22 32 41 54 65 72
1 2 3 5 7 9 17 22 26 31 35
1 3 6 9 13 20 30 35 43 57 63
1 2 3 5 9 13 22 32 42 53 59
1 3 6 9 15 18 21 29 41 49 54
1 2 3 5 11 17 20 26 31 35 39
1 3 6 9 12 16 19 23 30 41 46
1 2 3 5 8 15 18 28 38 47 52
1 3 6 9 14 20 24 33 46 53 59
1 2 3 5 10 13 16 22 27 39 43
1 3 6 9 16 24 29 35 44 55 61
1 2 3 5 7 11 14 16 25 31 35
1 3 6 9 13 16 20 29 33 37 41
1 2 3 5 9 15 19 26 32 43 48
1 3 6 9 15 20 25 31 40 49 54
1 2 3 5 11 19 24 28 39 45 50
1 3 6 9 12 18 23 33 38 51 57
1 2 3 5 8 11 15 22 28 37 41
1 3 6 9 14 22 28 35 45 53 59
1 2 3 5 10 15 20 24 35 39 43
1 3 6 9 16 20 26 37 43 55 61
1 2 3 5 7 13 18 26 33 41 46
1 3 6 9 13 18 24 31 41 47 52
1 2 3 5 9 11 16 20 31 43 48
1 3 6 9 15 22 29 41 48 59 65
1 2 3 5 11 15 21 30 38 45 50
1 3 6 9 12 20 27 35 46 61 68
1 2 3 5 8 13 19 24 27 37 41
1 3 6 9 14 18 25 29 35 43 48
1 2 3 5 10 17 24 34 43 49 54
1 3 6 9 16 22 30 39 51 65 72
1 2 3 5 7 9 15 20 23 31 35
1 3 6 9 13 20 28 33 40 47 52
1 2 3 5 9 13 20 30 39 53 59
1 3 6 9 15 18 26 35 47 59 65
1 2 3 5 11 17 25 32 37 45 50
1 3 6 9 12 16 24 29 36 41 46
1 2 3 5 8 15 23 34 44 57 63
1 3 6 9 14 20 29 39 52 63 70
1 2 3 5 10 17 20 28 34 39 43
1 3 6 9 16 22 26 33 42 55 61
1 2 3 5 7 9 11 14 23 31 35
1 3 6 9 13 20 24 35 40 47 52
1 2 3 5 9 13 16 24 30 43 48
1 3 6 9 15 18 22 29 38 49 54
1 2 3 5 11 17 21 26 37 45 50
1 3 6 9 12 16 20 23 27 31 35
1 2 3 5 8 15 19 28 35 47 52
1 3 6 9 14 20 25 33 43 53 59
1 2 3 5 10 13 17 22 33 39 43
1 3 6 9 16 24 30 35 41 55 61
1 2 3 5 7 11 15 24 31 41 46
1 3 6 9 13 16 21 29 39 47 52
1 2 3 5 9 15 20 26 38 43 48
1 3 6 9 15 20 26 31 37 49 54
1 2 3 5 11 19 25 36 45 55 61
1 3 6 9 12 18 24 33 44 51 57
1 2 3 5 8 11 16 22 25 37 41
1 3 6 9 14 22 29 35 42 53 59
1 2 3 5 10 15 21 24 32 39 43
1 3 6 9 16 20 27 37 49 55 61
1 2 3 5 7 13 19 26 30 41 46
1 3 6 9 13 18 25 31 38 47 52
1 2 3 5 9 11 17 20 28 33 37
1 3 6 9 15 22 30 41 54 69 76
1 2 3 5 11 15 22 30 35 45 50
1 3 6 9 12 20 28 35 43 51 57
1 2 3 5 8 13 20 24 33 37 41
1 3 6 9 14 18 26 37 50 63 70
1 2 3 5 10 17 25 34 40 49 54
1 3 6 9 16 22 31 39 48 55 61
1 2 3 5 7 9 16 20 29 41 46
1 3 6 9 13 20 29 41 55 67 74
1 2 3 5 9 13 21 30 36 43 48
1 3 6 9 15 18 27 35 44 49 54
1 2 3 5 11 17 26 32 43 55 61
1 3 6 9 12 16 25 29 33 41 46
1 2 3 5 8 15 24 34 41 47 52
1 3 6 9 14 20 30 39 49 63 70
1 2 3 5 10 13 22 28 39 49 54
1 3 6 9 16 24 28 33 38 45 50
1 2 3 5 7 11 13 22 28 41 46
1 3 6 9 13 16 19 27 36 47 52
1 2 3 5 9 15 18 24 35 43 48
1 3 6 9 15 20 24 29 34 39 43
1 2 3 5 11 19 23 34 42 55 61
1 3 6 9 12 18 22 31 41 51 57
1 2 3 5 8 11 14 20 31 37 41
1 3 6 9 14 22 27 33 39 53 59
1 2 3 5 10 15 19 22 29 39 43
1 3 6 9 16 20 25 35 46 55 61
1 2 3 5 7 13 17 24 27 31 35
1 3 6 9 13 18 23 29 35 47 52
1 2 3 5 9 11 15 18 25 33 37
1 3 6 9 15 22 28 39 51 59 65
1 2 3 5 11 15 20 28 32 45 50
1 3 6 9 12 20 26 33 40 51 57
1 2 3 5 8 13 18 22 30 37 41
1 3 6 9 14 18 24 35 47 53 59
1 2 3 5 10 17 23 32 37 49 54
1 3 6 9 16 22 29 37 45 55 61
1 2 3 5 7 9 14 18 26 31 35
1 3 6 9 13 20 27 31 43 57 63
1 2 3 5 9 13 19 28 33 43 48
1 3 6 9 15 18 25 33 41 49 54
1 2 3 5 11 17 24 30 40 45 50
1 3 6 9 12 16 23 27 39 51 57
1 2 3 5 8 15 22 32 38 47 52
1 3 6 9 14 20 28 37 46 53 59
1 2 3 5 10 13 20 26 36 49 54
1 3 6 9 16 24 33 39 44 55 61
1 2 3 5 7 11 18 28 34 41 46
1 3 6 9 13 16 24 33 42 47 52
1 2 3 5 9 15 23 30 41 53 59
1 3 6 9 15 20 29 35 40 49 54
1 2 3 5 11 19 28 32 39 45 50
1 3 6 9 12 18 27 37 47 61 68
1 2 3 5 8 11 19 26 37 47 52
1 3 6 9 14 22 32 39 45 53 59
1 2 3 5 10 15 24 28 35 39 43
1 3 6 9 16 20 30 41 52 65 72
1 2 3 5 7 13 22 30 42 51 57
1 3 6 9 13 18 21 27 32 37 41
1 2 3 5 9 11 13 16 22 33 37
1 3 6 9 15 22 26 37 48 59 65
1 2 3 5 11 15 18 26 38 45 50
1 3 6 9 12 20 24 31 37 51 57
1 2 3 5 8 13 16 20 27 37 41
1 3 6 9 14 18 22 33 44 53 59
1 2 3 5 10 17 21 30 34 39 43
1 3 6 9 16 22 27 35 42 55 61
1 2 3 5 7 9 12 16 23 31 35
1 3 6 9 13 20 25 29 40 47 52
1 2 3 5 9 13 17 26 30 43 48
1 3 6 9 15 18 23 31 38 49 54
1 2 3 5 11 17 22 28 37 45 50
1 3 6 9 12 16 21 25 36 41 46
1 2 3 5 8 15 20 30 35 47 52
1 3 6 9 14 20 26 35 43 53 59
1 2 3 5 10 13 18 24 33 39 43
1 3 6 9 16 24 31 37 50 65 72
1 2 3 5 7 11 16 26 31 41 46
1 3 6 9 13 16 22 31 39 47 52
1 2 3 5 9 15 21 28 38 43 48
1 3 6 9 15 20 27 33 46 59 65
1 2 3 5 11 19 26 30 36 45 50
1 3 6 9 12 18 25 35 44 51 57
1 2 3 5 8 11 17 24 34 47 52
1 3 6 9 14 22 30 37 42 53 59
1 2 3 5 10 15 22 26 32 39 43
1 3 6 9 16 20 28 39 49 55 61
1 2 3 5 7 13 20 28 39 51 57
1 3 6 9 13 18 26 33 38 47 52
1 2 3 5 9 11 18 22 28 33 37
1 3 6 9 15 22 31 43 54 69 76
1 2 3 5 11 15 23 32 44 55 61
1 3 6 9 12 20 29 37 43 51 57
1 2 3 5 8 13 21 26 33 37 41
1 3 6 9 14 18 27 31 41 53 59
1 2 3 5 10 17 26 36 49 59 65
1 3 6 9 16 22 32 41 48 55 61
1 2 3 5 7 9 17 22 29 41 46
1 3 6 9 13 20 30 35 46 57 63
1 2 3 5 9 13 22 32 36 43 48
1 3 6 9 15 18 21 29 35 39 43
1 2 3 5 11 17 20 26 34 45 50
1 3 6 9 12 16 19 23 33 41 46
1 2 3 5 8 15 18 28 32 37 41
1 3 6 9 14 20 24 33 40 53 59
1 2 3 5 10 13 16 22 30 39 43
1 3 6 9 16 24 29 35 47 55 61
1 2 3 5 7 11 14 16 19 31 35
1 3 6 9 13 16 20 29 36 47 52
1 2 3 5 9 15 19 26 35 43 48
1 3 6 9 15 20 25 31 43 49 54
1 2 3 5 11 19 24 28 33 45 50
1 3 6 9 12 18 23 33 41 51 57
1 2 3 5 8 11 15 22 31 37 41
1 3 6 9 14 22 28 35 48 63 70
1 2 3 5 10 15 20 24 29 39 43
1 3 6 9 16 20 26 37 46 55 61
1 2 3 5 7 13 18 26 36 41 46
1 3 6 9 13 18 24 31 35 47 52
1 2 3 5 9 11 16 20 25 33 37
1 3 6 9 15 22 29 41 51 59 65
1 2 3 5 11 15 21 30 41 55 61
1 3 6 9 12 20 27 35 40 51 57
1 2 3 5 8 13 19 24 30 37 41
1 3 6 9 14 18 25 29 38 43 48
1 2 3 5 10 17 24 34 46 59 65
1 3 6 9 16 22 30 39 45 55 61
1 2 3 5 7 9 15 20 26 31 35
1 3 6 9 13 20 28 33 43 57 63
1 2 3 5 9 13 20 30 42 53 59
1 3 6 9 15 18 26 35 41 49 54
1 2 3 5 11 17 25 32 40 45 50
1 3 6 9 12 16 24 29 39 51 57
1 2 3 5 8 15 23 34 47 57 63
1 3 6 9 14 20 29 39 46 53 59
1 2 3 5 10 13 21 28 36 49 54
1 3 6 9 16 24 34 41 53 65 72
1 2 3 5 7 11 19 22 25 31 35
1 3 6 9 13 16 25 35 42 47 52
1 2 3 5 9 15 24 32 41 53 59
1 3 6 9 15 20 30 37 49 59 65
1 2 3 5 11 19 29 34 39 45 50
1 3 6 9 12 18 21 31 38 51 57
1 2 3 5 8 11 13 20 28 37 41
1 3 6 9 14 22 26 33 45 53 59
1 2 3 5 10 15 18 22 26 29 32
1 3 6 9 16 20 24 35 43 55 61
1 2 3 5 7 13 16 24 33 41 46
1 3 6 9 13 18 22 29 41 47 52
1 2 3 5 9 11 14 18 22 33 37
1 3 6 9 15 22 27 31 39 49 54
1 2 3 5 11 15 19 28 38 45 50
1 3 6 9 12 20 25 33 46 61 68
1 2 3 5 8 13 17 22 27 37 41
1 3 6 9 14 18 23 27 35 43 48
1 2 3 5 10 17 22 32 43 49 54
1 3 6 9 16 22 28 37 42 55 61
1 2 3 5 7 9 13 18 23 31 35
1 3 6 9 13 20 26 31 40 47 52
1 2 3 5 9 13 18 28 39 53 59
1 3 6 9 15 18 24 33 38 49 54
1 2 3 5 11 17 23 30 37 45 50
1 3 6 9 12 16 22 27 36 41 46
1 2 3 5 8 15 21 24 35 47 52
1 3 6 9 14 20 27 37 43 53 59
1 2 3 5 10 13 19 26 33 39 43
1 3 6 9 16 24 32 39 50 65 72
1 2 3 5 7 11 17 20 31 41 46
1 3 6 9 13 16 23 33 39 47 52
1 2 3 5 9 15 22 30 38 43 48
1 3 6 9 15 20 28 35 46 59 65
1 2 3 5 11 19 27 32 36 45 50
1 3 6 9 12 18 26 37 44 51 57
1 2 3 5 8 11 18 26 34 47 52
1 3 6 9 14 22 31 39 51 63 70
